SUBA size, minimized M2MA size, minimized DFA size
6 68 182
8 122 238
8 12 23
7 73 76
6 59 449
5 32 72
1 3 4
4 6 7
10 86 290
3 13 21
10 125 186
8 13 25
7 60 350
5 40 42
6 8 10
1 3 4
6 59 69
5 23 30
8 109 1340
1 3 4
5 16 20
4 25 27
3 17 18
1 3 4
6 8 10
8 109 343
8 74 198
3 14 21
9 111 725
8 47 122
5 40 226
3 14 16
4 21 25
1 3 4
4 23 27
3 13 16
6 60 285
7 73 791
2 7 9
1 3 4
5 43 98
2 7 9
6 43 368
9 73 93
6 43 49
6 68 282
7 57 75
8 109 5974
3 7 9
7 66 73
5 7 14
1 3 4
5 37 206
7 9 16
6 11 17
8 122 335
7 57 99
7 75 262
2 4 5
7 58 97
5 32 58
5 32 46
3 8 12
9 140 1206
8 77 125
8 75 276
8 98 163
4 21 25
2 4 5
3 13 18
6 59 130
9 61 162
8 122 1610
7 58 920
1 3 4
8 91 273
2 4 5
7 58 488
2 8 9
7 82 338
2 4 5
5 40 54
5 24 33
7 33 90
6 35 132
5 35 350
5 31 179
8 19 40
8 75 141
7 13 23
8 87 660
6 8 12
2 8 9
9 140 525
1 3 4
9 95 1433
2 4 5
3 8 10
7 58 379
6 44 445
6 48 135
7 82 427
8 109 14437
9 11 38
9 140 8128
7 67 1363
1 3 4
5 47 82
3 7 9
2 7 9
10 131 2209
8 109 8434
8 90 679
7 67 2257
8 84 3610
3 14 16
8 98 8528
2 4 5
8 109 7577
6 16 31
7 93 1004
4 30 90
7 66 200
4 21 31
1 3 4
2 7 11
5 47 224
8 87 1203
6 8 18
7 12 45
10 127 3898
7 67 723
9 140 17414
3 13 16
3 14 16
10 128 2911
9 140 47480
9 140 9561
6 48 418
9 84 1248
10 73 283
1 3 4
8 99 2802
8 98 483
8 122 2273
8 89 4336
2 4 5
7 17 37
6 59 161
6 53 214
2 8 9
10 112 14668
5 26 31
8 84 577
6 68 69
8 78 672
9 127 65830
7 65 87
7 60 268
7 59 133
9 111 3837
8 122 4558
2 7 9
10 95 5540
7 82 806
8 99 5122
8 89 3031
5 32 44
1 3 4
1 3 4
8 122 21243
6 68 82
5 47 131
9 14 93
8 90 8148
7 73 641
3 6 8
9 127 252
8 75 2027
9 112 1937
7 38 81
8 76 538
2 4 5
7 62 449
3 14 33
5 36 61
5 47 194
8 64 1065
7 68 1119
9 117 2609
9 124 5860
9 108 7451
9 140 852
9 99 40011
10 160 24537
9 69 985
8 99 3571
8 82 1240
9 127 9240
9 97 1094
9 116 119852
9 99 1079
1 3 4
8 109 38410
9 127 2215
2 4 6
8 92 6626
8 79 3691
1 3 4
1 3 4
7 68 526
4 30 31
2 4 5
7 82 1448
8 110 13432
6 63 3077
9 116 9464
8 71 1153
10 160 109234
5 47 49
3 13 18
5 40 174
8 109 32543
9 127 29207
6 63 17574
9 100 6086
9 140 14075
4 22 42
8 122 7617
8 90 15719
5 35 40
9 14 113
7 63 15111
8 109 5352
8 109 13874
9 127 96558
8 99 16453
2 7 9
8 62 3950
8 90 7309
8 91 2410
6 59 4708
1 3 4
9 140 86493
1 3 4
8 98 22185
1 3 4
9 140 41046
8 109 47505
9 140 239802
8 122 38418
4 24 29
7 71 3740
9 108 42234
8 80 2144
8 122 2991
8 109 69443
9 120 3715
1 3 4
1 3 4
9 90 1393
9 26 165
8 85 736
4 25 70
10 148 254330
7 62 1426
8 98 6428
6 59 390
9 128 57051
1 3 4
1 3 4
9 116 6070
9 128 27468
8 122 20031
2 4 5
9 108 22866
2 7 9
8 68 1584
8 83 3894
2 7 9
9 124 2483
2 4 5
10 147 100876
1 3 4
8 122 118586
10 130 5778
9 127 75274
1 3 4
9 140 22434
7 74 26655
6 53 301
9 140 9643
7 65 336
6 47 195
7 82 13487
9 128 39269
8 91 105571
8 110 2681
9 140 9443
5 35 102
3 13 16
3 15 21
8 122 996
6 59 153
10 175 1087
10 83 403
8 87 1028
8 83 172
8 10 12
9 155 4055
8 99 624
7 56 156
7 68 140
10 175 3226
9 127 835
1 3 4
2 4 5
7 34 60
8 96 331
10 151 3591
7 73 390
1 3 4
8 110 355
7 19 37
7 82 478
6 16 28
10 127 1674
8 70 790
9 155 2368
1 3 4
9 116 2358
6 52 55
7 66 127
7 82 371
8 109 1644
10 129 335
3 14 21
8 122 333
10 113 177
5 32 36
9 127 918
6 68 274
10 143 377
6 68 258
1 3 4
9 110 228
7 62 113
6 44 230
9 140 341
9 14 40
4 21 28
8 89 153
7 82 119
10 156 1993
4 21 37
8 109 560
8 75 1456
5 31 36
5 40 230
3 14 16
9 111 486
7 66 210
6 44 90
5 32 46
4 21 25
9 110 561
9 83 140
1 3 4
8 98 1922
6 52 180
10 141 3252
8 48 100
5 47 173
4 18 25
4 6 7
9 123 1191
6 60 111
7 66 154
4 6 8
8 94 328
7 82 644
9 155 219
8 77 86
7 67 70
7 93 496
8 76 287
10 13 33
5 7 9
8 99 737
8 109 1093
9 155 3208
6 47 52
10 100 141
7 9 16
7 70 74
8 83 925
9 118 2090
7 74 352
9 127 212
10 122 293
10 160 18528
8 75 1728
10 175 21982
9 140 11424
4 14 17
6 47 214
9 128 5987
2 7 9
10 138 8385
8 10 3
10 175 10758
9 128 8291
9 141 689
8 73 1095
10 175 12023
9 140 63334
2 7 9
10 137 16910
10 148 1397
9 155 11150
8 122 77969
8 109 3399
9 155 157067
9 11 57
7 75 836
9 128 4484
3 17 20
9 155 81732
2 4 5
7 37 43
10 160 2458
7 73 4289
6 59 73
9 155 8902
8 84 1239
8 93 5393
8 91 3003
10 175 171807
7 93 131259
8 10 32
8 90 6092
8 109 2023
9 128 7612
8 95 1696
9 155 13219
6 33 38
10 175 15852
5 23 28
6 47 69
8 90 207
6 68 556
9 109 4413
10 160 735536
8 110 6356
10 97 606
9 140 23041
10 160 14995
10 147 9893
10 128 5510
9 26 107
8 93 1982
8 75 1122
9 11 52
10 147 9530
8 109 3208
8 89 1155
8 122 210543
8 93 1689
8 76 281
8 98 2050
8 91 4818
8 90 559
9 117 3580
10 148 1704
5 40 275
9 98 2885
9 155 12854
10 175 5731
6 33 124
8 122 4382
9 140 6363
10 160 9830
3 14 39
10 151 2564
10 160 1301
8 98 557
9 99 2835
5 15 27
10 136 1830
9 108 5176
9 100 6515
9 100 861
7 93 1399
9 127 1285
8 98 769
6 53 197
7 9 53
10 140 3679
10 145 3252
1 3 4
10 112 22405
10 148 292505
5 35 272
9 140 47609
8 99 22074
10 119 47510
8 122 238925
10 161 79710
9 155 69176
10 160 343344
7 62 14491
9 140 34060
9 109 6206
10 161 352259
8 122 115728
8 109 60625
8 122 6986
9 127 7099
9 155 111490
10 136 7861
1 3 4
8 98 5030
7 93 17549
10 175 4242308
10 175 92326
9 128 77603
8 122 27307
8 122 11957
3 17 56
8 109 93923
10 128 289345
4 15 18
8 109 219618
10 175 2248845
7 93 51848
9 155 5826
6 68 2971
9 124 311106
10 157 33802
7 63 2382
9 155 404901
8 122 34142
9 155 12913
9 127 129160
6 49 556
8 83 4915
9 109 1549
9 140 307002
10 161 1169103
8 122 61322
10 161 8712745
8 99 5763
9 140 23875
10 147 311798
9 101 14107
10 148 37116
10 157 13218
10 160 30281
9 155 18504
8 122 3101972
1 3 4
10 160 36501
8 98 7232
10 175 239139
9 117 31043
1 3 4
8 99 8966
9 140 4909
9 155 71143
10 175 6367220
8 90 9334
8 110 48642
8 109 33189
8 109 2906
9 80 6022
9 127 26206
8 122 235642
10 175 81984
10 175 67540
10 160 19183
9 155 44643
9 116 8580
9 140 27096
9 140 63935
8 122 74322
10 175 14874
9 155 436990
4 11 22
6 55 654
7 71 18823
9 75 428
8 122 19800
7 93 5948
8 122 63501
8 93 1572
10 175 34627
9 128 41775
10 120 55494
9 141 287785
10 125 36322
