SUBA size, minimized M2MA size, minimized DFA size
4 21 25
8 99 189
9 97 896
5 7 11
5 32 61
10 115 231
2 8 9
6 12 21
9 140 464
7 9 25
1 3 4
4 30 46
6 68 135
6 52 394
2 7 9
6 52 112
8 75 270
8 78 555
5 35 54
4 30 31
1 3 4
2 8 10
2 7 9
2 8 12
3 17 18
7 58 105
7 60 1563
5 26 37
1 3 4
1 3 4
8 60 91
2 7 9
5 39 55
4 21 25
8 70 137
2 4 5
5 47 55
3 14 17
3 5 6
4 21 25
9 108 1005
7 74 847
8 109 1612
2 4 5
7 9 28
5 23 41
2 4 5
2 7 9
8 122 2091
6 49 118
5 40 74
9 108 138
9 96 129
2 8 9
8 89 435
7 32 114
8 39 228
4 11 13
9 89 245
5 15 20
5 40 94
10 77 469
9 77 181
1 3 4
7 74 307
8 13 26
7 70 251
8 99 172
7 47 117
9 93 1494
4 18 33
6 68 148
8 74 96
9 74 684
7 93 198
6 68 182
8 49 73
6 47 96
1 3 4
4 17 24
7 58 111
4 21 51
4 21 27
7 66 664
2 7 9
8 76 239
8 109 497
9 26 44
5 31 93
2 4 5
7 61 315
9 63 171
3 13 16
5 31 45
6 48 51
1 3 4
4 21 27
5 40 42
4 21 26
7 93 293
2 7 9
8 83 2490
8 94 2454
4 25 27
8 84 2251
1 3 4
8 90 1741
9 127 20755
8 98 700
3 15 18
6 59 139
7 83 1891
9 95 1032
5 31 36
7 74 461
6 45 149
3 14 22
1 3 4
7 93 522
8 122 4522
8 122 1965
1 3 4
9 116 49949
9 124 3904
1 3 4
1 3 4
6 60 730
10 98 1157
1 3 4
2 7 9
9 120 1259
2 7 9
10 127 6009
8 75 9123
9 117 3211
8 78 694
5 31 36
4 21 37
6 68 781
8 122 5024
6 44 282
5 27 36
7 67 106
7 93 20417
7 73 1500
3 17 23
7 70 1293
7 93 2570
7 67 519
10 127 3118
8 95 1013
2 4 5
3 13 16
5 33 44
5 40 98
3 8 10
8 91 3893
2 8 9
6 53 164
8 84 1548
2 7 9
7 82 84
7 59 86
7 47 349
8 95 12993
8 74 467
7 70 828
3 14 31
7 25 57
7 58 319
5 27 45
7 82 846
1 3 4
4 21 37
9 99 1390
8 82 2301
9 111 2717
2 4 6
1 3 4
9 86 3616
7 39 95
7 82 2244
9 116 1691
7 77 2299
9 103 3475
5 47 61
3 13 16
6 68 348
9 111 15911
7 69 649
7 45 70
8 78 349
2 4 5
4 6 9
7 73 129
6 44 77
8 122 8311
8 18 54
8 89 284
6 50 131
9 117 25392
8 98 6931
6 68 20793
3 13 21
7 67 928
6 68 7576
7 87 101712
9 127 368365
8 98 44688
8 109 16792
1 3 4
6 45 223
9 140 46966
9 140 50649
7 74 5993
7 47 3569
1 3 4
1 3 4
3 5 7
4 30 155
6 48 901
2 5 6
8 98 38925
8 122 206841
8 122 34033
6 47 734
9 140 12174
8 14 86
8 109 53611
1 3 4
8 109 23846
7 9 33
9 127 78087
8 109 15886
5 40 42
8 72 13869
9 140 25752
9 128 391
8 99 9246
1 3 4
7 67 15647
1 3 4
6 68 2111
7 93 4653
9 127 11956
9 140 267331
7 12 47
1 3 4
8 122 11490
1 3 4
8 83 6111
8 82 2883
8 98 14856
4 6 7
8 83 9037
9 122 20676
5 47 532
8 82 2296
9 117 26129
8 90 2363
8 122 25508
7 93 9177
9 108 41263
1 3 4
8 63 1410
3 13 22
8 72 2405
7 62 1051
2 4 5
1 3 4
9 140 1613684
4 25 27
9 127 18380
3 14 29
1 3 4
8 109 6868
2 8 9
6 53 128
7 64 2290
5 36 104
2 4 5
1 3 4
3 5 6
8 51 376
6 40 890
3 17 18
7 68 11865
9 123 73373
9 127 20418
1 3 4
10 131 57749
1 3 4
1 3 4
2 4 5
7 82 3402
9 124 31565
7 53 2058
4 21 25
9 111 9484
8 10 37
2 8 9
8 67 216
8 89 240
2 4 5
7 93 96
7 62 375
7 58 73
7 93 162
9 90 412
7 38 175
7 74 215
5 31 38
6 60 523
5 32 51
1 3 4
10 175 942
6 47 59
8 109 246
1 3 4
2 7 9
3 13 16
10 140 544
5 40 49
1 3 4
8 109 182
10 127 832
9 116 730
3 13 16
5 47 110
8 99 1204
6 52 75
6 59 1096
2 4 5
7 70 3727
5 40 109
9 136 242
7 59 181
7 61 406
7 82 325
7 58 193
6 44 52
1 3 4
9 127 332
7 82 127
9 100 451
5 35 38
6 59 158
8 84 989
7 73 310
7 93 279
7 73 362
9 140 322
8 87 1220
7 76 116
8 122 159
3 13 16
8 13 22
6 8 9
7 82 218
7 93 3368
8 38 45
9 83 110
6 53 309
9 140 693
6 68 162
7 68 185
6 44 76
5 47 91
5 7 8
8 69 117
6 48 54
4 6 7
6 57 70
7 73 431
1 3 4
5 40 191
8 122 2450
8 77 432
8 109 132
7 49 603
7 22 54
9 117 831
9 140 496
7 93 318
5 7 8
3 14 16
7 83 116
7 67 1468
6 51 624
7 67 185
8 122 311
9 124 204
8 96 469
2 7 9
8 90 97
9 108 608
7 55 116
9 140 245
8 62 158
10 160 972
8 10 38
9 140 719
9 11 50
6 68 805
8 78 648
7 39 50
2 7 9
9 140 4647
9 131 3850
9 140 101793
5 41 54
9 140 8871
9 155 1720
10 175 40459
8 122 12683
9 116 3350
8 110 4799
7 60 125
7 82 8729
9 101 3617
8 62 606
6 68 1660
6 68 197
8 89 1792
10 137 12259
8 95 1274
8 99 960
9 108 962
8 108 823
9 155 4484
8 122 27650
10 137 4749
8 122 6565
3 13 22
7 74 2056
6 47 528
8 109 427
9 140 6069
10 116 688
9 99 2106
3 15 51
7 82 2609
9 116 9633
9 100 819
8 109 2782
8 122 21346
10 160 3195
8 91 401
2 4 5
7 83 952
6 52 459
8 122 16529
10 124 3269
10 147 12870
10 175 24549
9 111 2780
6 68 286
9 155 5413
8 100 43312
8 122 1166
8 99 6456
9 30 82
8 100 540
9 141 3275
10 157 3287
6 60 207
10 112 1738
9 128 5857
8 122 2720
3 8 10
8 109 567
10 89 426
10 160 77062
7 82 3277
8 89 285
6 52 492
9 155 8274
8 86 5869
8 122 7428
9 111 9634
10 137 5484
7 74 625
8 122 41630
10 138 29125
7 46 78
4 25 53
7 49 63
6 41 57
6 68 369
7 93 4285
10 143 50717
9 124 8720
6 59 700
8 74 270
9 108 1502
10 160 324781
6 47 477
8 122 3133
8 109 5143
8 110 6619
9 155 45279
10 161 604320
10 175 143331
8 122 13622
9 155 1002894
8 99 3732
8 122 47655
10 175 108115
8 93 6032
9 140 1868
8 83 25118
10 90 882
3 15 18
9 140 171986
10 151 359129
8 99 24692
1 3 4
10 160 31724
5 40 1712
10 147 118443
10 160 62267
9 155 398211
8 75 1618
8 109 7903
10 160 4612
9 141 332293
4 23 375
2 7 14
10 161 38912
9 142 63363
10 160 91992
10 161 120824
3 14 16
8 122 97146
10 160 369331
9 140 202016
10 148 10241
10 175 482191
9 128 74962
10 137 429755
10 143 43312
10 162 162248
10 160 117285
8 89 1372
10 175 43797
10 161 90894
9 129 152880
9 131 35158
10 175 148004
10 162 42024
7 83 43599
3 17 19
9 141 16379
9 127 15704
2 7 9
10 117 82602
4 25 47
8 102 29390
10 160 25952
8 122 85389
9 140 143112
10 125 369828
9 155 121832
1 3 4
9 155 30972
10 160 115864
8 109 12260
8 99 5461
9 128 40283
9 155 113329
9 131 13018
10 160 94249
2 4 5
9 127 9378
9 108 4162
7 93 3289
7 62 335
9 116 5142
10 147 55902
9 118 17637
10 175 3339996
10 128 6605
5 47 538
9 102 66882
10 133 10074
9 127 64679
1 3 4
6 68 552
10 160 44439
10 141 72683
4 15 21
10 160 668994
9 141 1881
10 160 55574
9 141 12031
10 147 85581
2 7 9
5 35 103
9 141 42420
9 155 61710
