SUBA size, minimized M2MA size, minimized DFA size
4 6 9
6 36 86
8 98 207
8 70 813
8 46 74
9 89 465
7 70 219
8 86 716
4 21 25
6 59 218
2 7 9
7 57 124
4 22 25
7 59 143
2 4 5
4 21 27
6 59 152
5 38 134
4 16 18
7 93 727
3 5 6
5 36 181
3 5 6
8 89 3337
6 55 68
7 69 675
5 17 31
5 31 36
6 68 82
6 37 50
2 4 5
8 90 165
5 32 39
4 21 46
8 99 314
7 82 98
8 93 415
7 68 487
7 33 62
7 67 602
1 3 4
3 13 16
4 13 21
8 75 159
9 111 395
5 32 102
7 66 116
4 22 27
6 59 162
9 91 132
9 97 126
4 25 66
4 22 34
7 82 231
4 22 61
8 76 225
6 8 13
6 49 53
6 59 73
3 9 11
7 61 111
8 79 444
3 13 16
9 108 679
7 63 571
5 32 94
5 33 44
4 25 34
8 89 499
8 109 529
8 24 56
8 53 184
6 68 71
9 140 8734
9 116 192
9 100 650
6 52 63
5 27 38
8 9 18
9 40 86
4 22 25
2 7 9
5 31 47
7 93 578
2 7 9
9 116 2108
8 82 345
3 17 18
1 3 4
7 66 246
9 82 251
9 100 187
6 53 55
8 109 954
3 5 6
9 122 1696
9 92 3347
4 22 48
8 77 813
2 7 9
1 3 4
10 147 13868
8 78 1514
9 102 3368
1 3 4
9 140 12843
3 8 10
6 48 693
5 35 144
9 128 7263
9 111 517
9 111 11381
4 30 199
7 93 1336
8 93 1114
8 90 1616
7 82 3919
6 51 659
3 13 16
3 13 16
10 148 18524
1 3 4
7 66 467
3 9 14
9 140 8588
9 26 55
7 13 31
6 53 894
4 30 134
10 147 4545
3 13 16
10 58 254
7 93 3521
2 4 5
3 5 6
8 84 207
3 13 16
5 23 43
8 83 929
8 109 6282
8 77 1615
8 109 2152
2 4 5
4 25 76
1 3 4
2 7 9
2 7 9
4 21 25
9 140 17471
7 62 224
8 82 260
1 3 4
7 82 13294
3 5 6
8 62 85
9 117 3168
5 26 41
9 109 3999
9 95 1363
9 96 1758
6 8 18
8 95 7286
6 7 12
5 47 242
2 8 9
7 74 753
10 111 2351
8 82 2658
6 52 75
9 96 5589
2 7 9
7 62 870
9 108 8645
10 65 402
9 124 929020
8 98 420
8 82 2419
10 147 1186
2 4 5
3 13 22
9 128 14612
7 50 381
9 116 48970
6 52 2007
8 90 32279
8 10 53
3 8 10
7 73 2413
8 84 904
7 66 2333
6 42 61
8 98 6560
3 17 18
2 7 9
9 86 3285
1 3 4
8 64 358
5 31 36
9 140 4728
6 68 378
9 99 2296
2 4 5
1 3 4
7 73 3951
3 13 16
9 116 18419
9 140 401007
8 122 78529
10 136 44668
7 82 60873
9 104 9874
10 142 112577
9 127 83383
8 109 16613
1 3 4
9 127 315907
5 47 48
7 93 108072
8 110 18132
8 109 11424
7 93 5992
1 3 4
7 12 60
2 7 9
8 90 1840
5 7 8
8 122 15861
8 82 1747
9 127 59230
9 127 46792
7 93 27045
8 122 6665
1 3 4
6 60 440
8 110 920459
8 99 11508
9 140 166360
9 124 67892
9 140 11279
8 99 4432
2 4 5
9 119 33087
4 6 11
6 8 2
2 4 5
1 3 4
9 99 4331
8 82 2916
1 3 4
10 160 1119759
9 108 4110
2 8 9
8 109 114814
1 3 4
1 3 4
8 109 834
9 140 199187
2 4 5
9 120 24490
6 68 25838
9 73 25140
3 13 16
1 3 4
2 7 9
1 3 4
9 140 57542
7 82 35475
8 102 2000544
2 8 9
1 3 4
8 109 57379
8 109 56489
7 82 3138
8 122 30815
9 140 2959
2 7 9
10 137 40014
8 86 46588
5 40 50
5 40 120
9 140 6718
9 127 25006
8 90 15683
4 14 17
8 89 1527
1 3 4
9 140 148082
7 61 361
8 109 5465
8 87 5428780
8 122 226893
8 76 15645
9 109 25501
9 127 9573
1 3 4
2 7 9
5 47 176
8 93 6111
8 78 6590
5 21 25
8 122 2349
7 13 27
5 33 38
6 52 267
4 21 25
4 25 71
6 68 171
8 95 2343
4 23 42
9 155 2209
9 108 261
5 36 140
6 47 81
7 60 185
6 35 90
7 62 336
8 122 191
9 108 903
8 109 144
5 40 61
8 102 114
8 78 501
9 116 15653
9 107 338
8 74 114
10 136 563
4 21 22
9 155 3004
1 3 4
3 9 15
8 122 2489
9 155 1200
6 50 106
9 85 259
7 82 451
7 74 186
5 31 42
6 59 61
7 93 160
6 59 84
9 84 319
4 30 41
7 49 152
8 77 347
5 32 249
7 62 138
8 122 1441
3 5 6
4 21 59
3 13 22
9 140 2679
9 155 58856
10 122 1345
8 122 444
8 93 340
7 61 110
9 75 400
8 122 1229
7 61 155
6 48 167
7 73 842
7 93 202
7 41 46
9 127 396
4 21 25
4 30 235
9 127 886
8 99 401
7 93 1428
7 66 200
9 123 729
7 58 64
4 15 26
1 3 4
7 26 38
9 116 1949
9 111 588
7 82 212
9 99 937
10 175 736
6 68 544
7 25 28
3 14 21
10 157 299
8 10 25
6 59 70
7 43 72
8 109 189
4 6 9
8 122 11999
7 82 162
6 12 27
9 127 328
10 129 336
7 67 212
7 93 95
4 25 27
6 43 103
8 109 1093
6 59 62
10 160 12625
6 44 77
10 160 5837
10 175 36463
8 109 809
9 140 3230
9 128 55515
10 175 12992
9 155 4478
10 160 59934
7 75 858
7 9 28
9 111 631
9 127 3727
8 99 159743
8 81 2376
8 89 545
7 73 1637
9 129 12688
8 122 2163
8 102 5054
9 124 2790
10 160 12252
8 99 3924
3 17 21
10 111 420
9 111 2378
8 110 11102
8 122 1230
6 47 51
9 141 5883
10 141 7555
6 68 1950
7 66 101
9 117 943
7 74 333
10 128 7370
8 109 3670
8 122 8801
5 40 42
9 128 2639
8 79 486
7 82 316
7 61 587
9 109 12701
10 112 1702
10 175 59616
8 109 864
10 128 3410
9 101 1122
9 108 2362
9 128 522
7 93 20515
8 109 24614
5 41 436
10 125 14120
2 4 5
7 62 533
2 8 9
8 110 505
7 66 70
10 147 3492
9 140 1342
10 129 4023
9 128 1360
7 67 2839
8 77 764
4 21 36
6 68 1483
2 4 5
9 116 9539
8 122 78511
6 44 872
7 73 830
7 93 116640
9 83 3861
7 84 1580
9 127 5919
9 104 1649
9 128 12219
10 160 9135
10 175 7189
9 155 3848
7 70 1521
6 59 151
10 175 429099
8 109 1739
9 155 6319
8 122 2765
8 83 1695
9 91 4112
6 44 492
8 122 10832
10 116 4872
2 8 9
10 16 49
8 109 3269
9 140 1402
8 109 906
8 89 1087
9 127 89717
10 160 17313
7 66 30015
7 93 4709
9 117 21594
8 109 58285
7 9 39
7 93 76846
10 175 767690
8 110 197292
9 155 29425
9 155 129880
10 125 27399
8 122 40869
9 140 2522422
10 141 12506
9 141 83648
8 109 18189
10 155 185687
9 128 137088
9 127 4951
10 175 140072
9 66 708
7 67 49838
9 155 338537
9 140 174090
10 141 21145
10 175 62007
10 137 52164
6 59 6895
9 117 184910
9 140 16654
8 122 152247
9 155 426585
9 116 4858
10 136 10879
9 140 10732
10 143 98985
10 175 88619
9 140 210496
9 100 2054
10 175 34509
9 155 434607
1 3 4
10 139 7201
8 19 97
9 95 75952
2 7 9
10 128 19838
7 82 13802
8 122 32762
8 110 215980
9 140 58299
8 122 12087
9 127 52075
10 147 130961
9 140 144669
8 89 5411
10 161 19272
10 123 6432
9 140 115131
9 104 133945
9 140 118773
10 175 1910519
10 140 47916
10 160 15178
9 128 80464
9 155 15603
8 122 3942471
9 97 11865
8 109 23648
10 160 19125
9 127 106921
10 175 2158125
9 140 18076
8 122 69567
8 92 20544
9 140 999
9 116 3698
9 127 346820
10 142 179306
9 140 34645
10 175 16123
8 100 44240
9 140 10952
10 175 87595
8 109 3966
8 82 4126
8 122 25272
10 148 142526
9 127 97985
9 155 238351
8 122 241548
9 140 8464
9 155 534112
9 117 8054
4 25 33
9 140 47090
8 122 152849
10 175 4284766
