// alphabet
a b c d e f g h i j k l
// size of the target function
6
// γ of the target function
0 0 0 0 0 0
// set of μ's for the target function
// μ(a)
1 1 0 0 0 1
0 0 1 0 0 0
0 1 0 1 0 0
0 0 0 0 0 0
1 0 1 0 0 1
0 0 1 0 1 1
// μ(b)
0 1 0 1 1 1
0 0 1 1 1 1
1 0 1 0 1 1
1 0 0 0 1 1
0 0 1 1 1 1
1 0 0 1 1 1
// μ(c)
1 0 1 0 1 1
1 0 0 0 1 1
0 0 1 1 1 1
1 0 0 1 0 0
0 0 1 1 0 0
1 0 1 0 0 0
// μ(d)
1 0 0 0 0 0
0 0 1 1 0 1
0 0 1 0 0 0
0 1 0 1 0 0
0 0 0 0 0 0
1 0 1 0 0 1
// μ(e)
0 0 0 0 0 0
0 0 0 0 0 0
0 0 0 0 0 0
0 0 0 0 0 0
0 0 0 0 0 0
0 0 0 0 0 0
// μ(f)
0 0 0 0 0 0
1 0 1 0 0 1
0 0 0 0 0 0
0 0 0 0 0 0
0 0 0 0 0 0
0 0 0 0 0 0
// μ(g)
1 1 0 0 0 1
0 0 1 0 0 0
0 1 0 1 0 0
0 0 0 0 0 0
1 0 1 0 0 1
0 0 1 0 1 1
// μ(h)
0 1 0 1 1 1
0 0 1 1 1 1
1 0 1 0 1 1
1 0 0 0 1 1
0 0 1 1 1 1
1 0 0 1 1 1
// μ(i)
1 0 1 0 1 1
1 0 0 0 1 1
0 0 1 1 1 1
1 0 0 1 0 0
0 0 1 1 0 0
1 0 1 0 0 0
// μ(j)
1 0 0 0 0 0
0 0 1 1 0 1
0 0 1 0 0 0
0 1 0 1 0 0
0 0 0 0 0 0
1 0 1 0 0 1
// μ(k)
0 0 0 0 0 0
0 0 0 0 0 0
0 0 0 0 0 0
0 0 0 0 0 0
0 0 0 0 0 0
0 0 0 0 0 0
// μ(l)
0 0 0 0 0 0
1 0 1 0 0 1
0 0 0 0 0 0
0 0 0 0 0 0
0 0 0 0 0 0
0 0 0 0 0 0