SUBA size, minimized M2MA size, minimized DFA size
3 14 31
6 8 12
6 43 57
6 59 61
9 91 130
7 9 26
7 24 47
4 6 7
9 90 162
7 83 216
8 82 385
6 32 71
4 9 16
8 84 202
1 3 4
2 4 5
7 50 80
7 24 47
6 48 123
1 3 4
8 89 93
4 6 8
6 43 100
9 63 202
7 58 136
8 122 271
8 59 167
3 17 18
5 47 103
8 83 238
9 107 450
4 23 34
4 9 11
3 13 16
9 93 168
7 62 67
9 75 120
7 61 107
10 119 740
10 130 283
8 23 49
8 79 339
8 50 68
8 99 278
10 109 534
6 53 85
4 6 8
2 7 9
9 100 184
7 58 134
7 93 199
9 127 1894
2 4 5
1 3 4
6 42 105
8 75 247
6 31 36
8 84 108
6 36 39
3 8 12
9 20 46
1 3 4
4 15 19
7 44 63
1 3 4
3 10 12
3 5 7
8 84 477
3 14 19
4 30 31
6 17 27
7 43 81
6 29 34
8 87 105
2 7 11
5 31 37
2 7 9
9 117 1656
3 14 17
7 58 92
8 78 137
8 50 110
5 47 69
6 16 22
4 7 11
9 100 219
6 28 43
6 18 24
7 18 22
6 52 69
3 13 16
6 47 123
10 21 32
4 6 8
6 52 67
2 4 5
8 79 294
5 40 112
6 32 37
1 3 4
1 3 4
1 3 4
4 21 42
7 55 69
5 10 14
6 47 68
10 137 252
6 60 91
8 98 112
6 49 61
9 128 483
4 21 25
8 82 88
4 25 29
4 23 24
9 93 381
9 57 101
8 74 245
2 8 9
1 3 4
8 109 194
6 28 65
1 3 4
4 23 27
2 4 5
9 127 250
9 91 324
4 6 8
3 5 7
8 109 762
6 49 170
1 3 4
7 37 145
3 13 21
6 47 51
6 29 43
6 43 79
8 56 172
7 82 368
8 77 197
7 58 235
7 61 78
10 147 198
2 7 9
3 13 19
10 121 749
8 77 320
6 11 20
7 73 222
1 3 4
3 13 18
2 7 9
8 23 64
7 82 545
8 66 136
8 109 143
1 3 4
4 21 25
9 109 212
2 4 5
6 43 219
3 13 16
6 68 152
7 61 156
5 7 9
8 83 233
2 4 5
5 31 36
5 7 9
9 69 235
3 17 18
2 4 5
8 10 20
6 47 119
1 3 4
10 110 674
10 121 517
9 127 321
6 14 29
6 44 115
1 3 4
7 25 29
7 11 13
4 6 7
9 79 103
7 45 52
1 3 4
8 49 138
10 136 968
2 7 9
5 31 42
2 7 9
9 108 294
6 44 106
5 40 75
10 88 152
2 4 5
3 14 19
8 45 94
6 56 169
10 119 300
7 66 74
5 31 46
9 127 372
4 22 48
8 42 108
2 4 5
9 81 408
6 44 126
4 23 41
8 77 156
8 89 211
3 14 19
4 17 32
6 52 55
6 29 68
8 98 179
8 78 258
5 31 44
7 66 142
7 73 230
7 73 125
7 74 378
9 78 295
5 10 13
2 7 9
5 7 8
7 67 158
5 31 39
1 3 4
9 80 214
7 82 317
9 107 310
8 74 210
7 49 129
8 98 204
6 17 21
10 115 288
3 17 47
6 43 49
4 6 7
9 50 166
9 15 26
4 22 28
3 14 16
5 7 8
8 54 86
2 7 9
8 51 110
5 47 121
8 71 141
10 84 167
8 77 109
4 21 25
6 23 28
7 66 348
3 10 12
7 66 70
7 57 97
8 47 94
5 31 36
6 68 101
6 23 29
5 40 50
9 72 75
6 44 57
7 63 157
6 52 86
9 51 119
7 73 143
3 17 18
3 9 14
7 58 220
7 82 320
2 4 5
4 22 25
8 78 83
10 112 339
9 117 631
4 15 33
8 13 18
8 122 373
5 40 109
1 3 4
9 95 169
6 44 165
2 7 9
10 118 799
8 27 71
5 20 30
3 5 6
10 106 259
2 7 9
5 47 200
9 26 39
7 18 30
9 81 256
10 96 259
6 52 77
8 67 131
1 3 4
6 37 60
5 10 13
8 82 181
5 23 45
7 58 107
10 127 147
8 75 83
6 68 189
6 59 85
3 14 16
6 52 68
9 111 420
5 31 53
8 122 205
6 43 58
6 18 22
3 17 18
9 107 575
7 66 128
6 43 66
1 3 4
8 64 139
9 100 232
7 18 56
8 16 34
5 11 17
2 4 5
10 81 230
5 47 59
7 34 49
7 61 152
7 47 171
4 25 29
2 7 9
1 3 4
7 12 15
10 117 465
5 39 40
1 3 4
6 35 51
6 59 84
8 63 106
6 44 53
6 43 66
3 9 12
8 73 308
4 9 11
7 38 91
4 21 31
8 39 72
6 35 60
8 94 474
7 73 180
6 16 22
5 24 50
6 49 54
4 6 7
6 31 37
2 5 7
10 115 742
6 47 140
5 8 10
6 48 136
3 13 16
6 47 54
8 75 91
2 7 9
1 3 4
1 3 4
2 5 7
7 51 148
1 3 4
2 4 5
5 23 31
5 22 31
5 47 64
6 49 79
10 115 381
8 67 83
10 127 262
7 58 111
8 76 226
2 8 14
9 101 239
9 92 356
9 100 193
5 32 86
1 3 4
4 21 49
2 7 9
8 74 511
8 73 82
8 82 378
5 40 103
8 109 532
3 13 17
7 74 321
3 13 16
9 63 293
7 58 144
3 5 6
4 14 17
5 31 60
6 41 46
8 86 281
6 43 49
7 82 229
7 44 113
6 59 100
2 7 9
8 75 368
7 45 58
2 7 9
1 3 4
8 54 178
1 3 4
5 31 36
7 61 193
1 3 4
7 73 76
7 17 23
7 34 55
4 21 25
1 3 4
9 120 208
6 43 49
7 75 86
4 21 25
7 82 251
6 44 52
6 52 64
10 92 124
7 74 330
6 16 21
6 47 82
6 59 106
2 7 9
5 35 58
2 4 6
2 5 6
5 31 54
3 13 16
9 85 176
8 95 167
5 19 29
8 72 211
8 122 807
10 13 23
7 17 28
9 88 173
6 36 52
6 35 54
3 14 17
9 91 204
3 14 27
8 77 200
4 22 46
7 9 17
9 63 109
9 116 387
6 8 9
9 116 187
8 65 227
7 24 49
9 127 478
9 51 102
7 70 194
6 52 79
1 3 4
1 3 4
7 9 18
10 112 355
2 7 9
7 61 173
2 4 5
6 52 75
5 47 52
2 8 12
9 84 251
8 89 177
7 69 148
6 59 128
7 13 21
5 47 53
6 43 196
9 56 64
6 53 184
4 9 11
3 13 16
3 13 16
6 8 12
4 21 25
10 95 206
3 13 16
1 3 4
7 24 35
9 88 456
8 77 140
9 111 261
6 25 41
1 3 4
9 116 1127
7 59 210
4 23 46
2 7 9
4 6 9
3 6 8
2 7 9
4 23 33
6 9 11
6 11 15
7 70 180
10 68 158
8 78 202
1 3 4
8 18 46
2 7 9
1 3 4
7 12 17
8 99 437
10 119 264
8 63 151
5 47 265
6 60 209
5 33 55
5 41 60
8 99 371
9 101 389
6 52 55
1 3 4
8 98 143
5 10 15
1 3 4
1 3 4
6 59 122
4 9 11
8 83 657
7 82 346
7 67 379
8 74 150
8 74 447
10 81 156
10 121 241
1 3 4
9 101 259
5 40 66
7 61 100
3 17 18
6 37 55
4 11 16
3 14 16
2 7 9
1 3 4
2 4 5
6 60 83
8 64 69
8 63 101
7 41 113
9 107 283
6 37 114
9 124 383
5 32 52
1 3 4
1 3 4
6 44 148
7 66 143
6 68 200
5 31 36
8 98 220
7 70 312
2 7 9
9 46 59
10 124 171
5 7 8
4 14 17
8 98 333
6 44 87
10 124 342
6 52 67
4 25 44
5 35 46
9 91 215
6 12 20
2 7 9
8 73 157
5 39 48
1 3 4
4 18 25
7 74 137
6 47 60
4 14 17
6 45 174
5 23 31
8 109 411
8 91 139
8 78 104
5 31 43
7 82 127
5 32 36
9 100 291
2 7 9
7 67 91
4 25 33
9 23 29
6 43 94
9 11 38
9 97 255
10 32 54
5 32 36
9 64 143
6 38 58
1 3 4
1 3 4
3 5 6
6 59 160
4 21 34
4 21 25
7 82 128
6 52 55
9 111 171
7 13 23
8 70 179
5 31 76
2 7 9
8 57 100
7 9 17
9 93 230
1 3 4
5 34 71
6 59 202
6 17 23
9 27 46
9 95 267
8 82 182
5 41 79
1 3 4
9 20 37
4 14 17
5 16 28
6 45 76
4 9 11
7 43 52
6 47 51
10 140 684
1 3 4
2 4 5
9 140 826
7 46 60
6 53 171
5 40 71
1 3 4
7 58 160
7 66 257
6 12 17
6 38 94
3 5 7
1 3 4
7 57 83
8 77 192
5 41 92
1 3 4
5 31 36
2 7 9
5 35 93
9 99 388
8 75 93
3 13 16
6 8 9
8 78 238
8 78 83
6 47 168
2 8 9
6 52 55
7 43 80
8 18 33
7 63 114
7 9 15
5 7 10
5 23 27
8 10 27
6 52 73
3 13 18
7 82 215
9 90 169
3 5 6
4 22 40
2 4 5
4 21 25
9 19 28
5 32 50
8 89 103
2 5 9
2 4 5
8 99 128
7 70 155
10 109 266
1 3 4
6 47 70
2 4 5
9 19 41
7 38 57
1 3 4
8 74 102
6 45 91
2 8 10
3 8 10
8 95 126
7 58 271
6 8 14
3 17 19
7 73 116
2 8 12
3 9 10
2 5 9
7 93 242
6 20 21
8 10 66
6 52 70
3 9 15
9 111 357
8 49 76
8 24 39
6 43 49
9 94 211
1 3 4
9 101 410
5 28 49
5 15 18
4 6 9
5 23 42
6 32 64
6 59 114
9 83 282
8 109 387
7 58 84
9 66 79
7 48 95
7 61 94
6 68 79
7 55 74
5 32 71
7 58 197
4 6 7
4 30 44
6 48 59
2 7 9
7 57 144
8 59 80
9 96 612
7 54 124
9 69 195
7 53 64
4 6 7
4 9 11
7 66 98
3 17 18
10 147 441
9 140 587
5 34 50
6 44 58
2 7 9
10 128 603
5 47 48
1 3 4
8 75 144
9 48 78
6 37 52
6 53 136
1 3 4
6 8 14
7 57 119
4 14 17
10 121 369
7 66 95
7 93 253
9 140 426
7 59 227
2 7 9
5 31 45
3 13 16
8 98 259
6 46 88
4 15 17
9 127 326
7 45 92
7 9 10
2 7 9
8 99 168
5 47 98
5 47 80
5 31 37
4 22 39
7 58 119
7 55 152
7 66 261
6 59 111
4 22 65
5 31 36
2 7 9
6 56 180
4 9 11
3 8 10
7 93 361
9 124 210
1 3 4
6 32 44
7 36 102
9 79 221
1 3 4
1 3 4
5 31 65
4 6 7
1 3 4
7 57 111
7 66 71
4 6 7
8 22 50
5 47 189
4 22 34
4 15 20
3 8 10
3 13 16
1 3 4
9 60 180
8 66 126
7 58 117
1 3 4
8 78 239
9 140 212
8 77 239
8 83 160
9 96 365
7 12 30
3 14 16
9 117 610
8 75 356
8 99 338
7 61 142
4 7 9
5 35 38
8 74 91
4 30 37
8 89 113
6 43 59
6 44 103
5 11 19
1 3 4
10 31 55
3 17 18
4 14 17
4 15 19
7 9 23
5 47 92
6 49 90
6 47 69
8 67 71
4 10 11
1 3 4
4 21 25
4 18 29
4 18 19
1 3 4
9 98 386
8 75 325
8 109 250
10 113 348
7 57 83
6 59 75
6 40 61
5 33 71
8 36 45
4 14 28
2 8 9
2 4 5
2 7 9
7 70 127
1 3 4
2 8 10
8 69 142
8 88 138
8 89 187
9 92 305
7 82 386
7 59 66
7 59 110
6 45 92
4 10 15
10 128 483
9 107 262
7 75 159
1 3 4
9 117 823
5 32 87
10 128 212
8 83 184
9 97 173
7 58 206
6 42 113
7 31 59
6 59 61
7 61 103
9 101 166
4 15 20
8 109 250
7 73 139
4 6 7
6 52 55
5 47 81
4 30 50
10 121 273
1 3 4
8 77 228
9 95 434
6 42 180
3 5 8
8 98 225
7 93 109
7 74 135
1 3 4
6 23 36
6 47 68
8 43 58
5 7 10
1 3 4
2 7 9
7 45 54
5 19 24
9 91 440
8 60 99
4 22 28
8 18 42
3 8 10
10 96 200
5 31 39
6 53 100
6 48 67
8 80 106
2 8 9
7 44 58
8 83 302
6 43 99
9 116 473
7 57 93
10 127 412
2 8 10
4 21 25
5 25 27
2 4 5
6 32 37
4 17 20
7 76 206
10 160 385
8 74 253
9 96 231
8 10 23
5 47 159
5 47 56
4 7 12
8 77 262
6 40 76
8 64 242
10 79 350
5 10 16
1 3 4
7 61 69
8 84 148
6 47 230
7 43 157
5 14 23
2 4 5
8 83 111
6 47 135
9 100 472
7 44 75
9 127 487
2 4 5
6 8 11
9 92 294
4 22 25
6 68 381
10 115 235
6 52 71
5 33 73
7 58 124
1 3 4
9 107 425
10 16 33
1 3 4
7 33 38
5 16 28
2 7 9
4 6 7
5 7 8
1 3 4
2 7 9
6 17 26
9 110 221
8 54 308
4 15 19
8 77 646
2 4 5
4 30 56
8 76 363
7 33 109
7 82 823
1 3 4
4 21 31
7 93 500
1 3 4
9 85 814
1 3 4
5 10 12
5 26 70
2 7 9
1 3 4
2 7 11
2 7 11
8 13 29
1 3 4
8 84 375
4 21 25
3 13 16
6 28 52
1 3 4
7 74 319
5 31 36
7 26 45
6 68 70
1 3 4
1 3 4
8 91 362
1 3 4
10 160 1835
2 7 9
6 43 49
5 40 109
9 127 3132
2 4 5
3 13 27
1 3 4
1 3 4
8 45 151
5 7 11
5 47 55
1 3 4
4 21 25
5 36 40
7 38 92
9 107 516
3 14 17
7 17 49
1 3 4
1 3 4
3 13 16
7 42 83
2 7 9
5 47 84
6 47 119
8 86 893
5 7 10
2 4 5
5 15 27
8 29 85
6 68 70
1 3 4
5 47 126
9 19 73
6 53 224
4 21 25
1 3 4
8 77 423
2 7 9
8 109 252
1 3 4
8 82 221
5 47 56
9 59 308
5 41 58
3 14 27
1 3 4
8 13 52
2 7 9
7 9 33
8 23 38
5 35 76
1 3 4
1 3 4
5 40 77
3 5 6
9 35 68
7 61 218
1 3 4
4 26 48
6 59 215
7 55 159
6 68 226
8 10 50
7 62 317
8 11 63
1 3 4
9 66 228
9 29 68
1 3 4
10 57 171
6 47 51
7 82 356
3 5 6
7 73 342
8 122 899
6 8 13
2 5 6
3 13 16
1 3 4
3 13 17
8 38 122
5 32 60
4 14 17
3 9 12
8 109 573
3 13 27
3 5 8
1 3 4
4 21 25
2 4 5
10 101 1134
7 61 197
7 24 36
1 3 4
4 22 33
1 3 4
1 3 4
5 7 14
1 3 4
6 44 127
4 30 129
8 99 493
1 3 4
2 8 9
6 52 153
9 69 377
4 21 33
2 4 5
8 98 613
3 8 10
5 40 103
8 82 221
1 3 4
4 6 11
4 21 32
7 54 116
8 59 127
6 9 21
6 47 209
7 93 302
1 3 4
7 63 183
2 7 9
8 87 496
9 86 544
5 35 45
7 54 93
4 15 25
1 3 4
5 7 16
3 8 11
1 3 4
3 5 6
1 3 4
8 109 550
6 60 228
7 60 202
7 45 80
6 43 205
2 4 5
2 8 9
2 7 9
4 6 7
3 14 16
1 3 4
6 11 14
3 8 10
5 40 71
1 3 4
7 73 103
5 32 49
8 75 171
1 3 4
8 13 69
9 140 1542
5 47 80
9 124 612
2 7 9
2 4 6
3 8 10
1 3 4
6 44 156
1 3 4
5 35 38
8 13 30
8 41 210
10 116 450
6 43 50
2 5 6
1 3 4
2 7 9
4 15 20
6 49 110
4 22 48
1 3 4
5 22 75
4 25 27
2 7 9
2 7 9
2 7 9
1 3 4
5 33 37
1 3 4
3 13 16
5 47 108
6 52 273
5 32 74
5 32 91
7 37 86
3 9 14
5 7 17
3 5 6
1 3 4
4 15 18
7 61 89
7 69 297
2 7 9
7 17 50
1 3 4
6 43 129
2 7 9
7 93 389
2 7 9
8 18 43
8 109 461
8 13 28
1 3 4
4 30 96
4 6 14
8 34 89
8 10 39
1 3 4
7 9 23
2 7 9
7 82 526
8 82 342
6 47 66
7 67 158
2 8 10
8 13 32
9 84 280
6 33 69
5 40 58
5 40 103
2 7 9
2 7 9
3 5 6
6 52 107
1 3 4
7 68 273
7 93 1197
3 8 10
6 44 100
4 14 17
7 82 977
6 49 124
8 14 43
8 10 42
3 13 16
1 3 4
2 7 9
1 3 4
7 93 493
5 7 10
3 17 18
9 100 1019
5 31 36
7 24 53
1 3 4
8 73 103
3 14 21
8 109 1342
8 71 353
7 63 373
5 39 45
3 13 16
6 48 269
5 19 34
6 13 28
3 14 17
4 10 14
5 47 97
1 3 4
7 70 252
6 46 356
9 127 710
9 96 693
3 5 9
4 9 11
2 4 5
8 73 102
2 7 9
8 10 41
8 40 130
10 129 1388
4 15 34
9 48 154
9 12 67
1 3 4
2 7 9
9 128 671
2 7 9
1 3 4
8 84 334
3 8 10
2 7 9
7 9 54
1 3 4
4 21 37
3 14 19
8 35 57
1 3 4
5 31 60
3 13 16
2 4 5
7 54 144
1 3 4
8 74 249
1 3 4
9 19 44
7 58 97
6 52 88
1 3 4
6 68 99
7 63 226
3 5 6
8 105 569
9 72 340
9 14 3
5 47 101
1 3 4
5 23 38
4 15 24
4 13 19
5 31 65
7 70 282
6 60 98
1 3 4
8 13 29
1 3 4
1 3 4
6 68 127
1 3 4
1 3 4
4 18 22
8 99 314
7 73 117
4 30 44
7 47 81
10 80 634
6 49 97
5 40 111
10 127 962
7 82 401
1 3 4
5 22 34
8 75 92
3 5 6
6 52 103
7 12 17
4 10 24
1 3 4
5 35 56
5 15 21
1 3 4
2 7 9
7 74 178
8 11 25
9 56 149
3 13 16
5 32 95
4 23 55
7 9 34
1 3 4
9 19 39
1 3 4
1 3 4
7 9 26
1 3 4
8 68 341
7 66 70
5 7 9
7 9 26
7 93 548
2 7 9
7 9 33
5 15 28
9 11 68
4 15 24
3 13 16
9 100 350
1 3 4
6 34 85
2 4 5
8 76 364
2 8 9
6 49 149
1 3 4
2 4 5
4 14 17
5 40 105
2 4 5
9 97 455
6 60 80
2 4 5
5 47 174
6 12 25
1 3 4
10 19 90
2 7 9
2 7 9
8 83 165
8 83 296
2 4 5
8 122 593
10 160 1358
7 73 173
1 3 4
7 12 41
3 6 8
8 78 644
7 61 180
3 13 16
7 21 43
2 4 5
6 42 109
6 53 67
7 67 240
1 3 4
3 17 26
7 82 234
5 38 123
8 64 307
8 83 344
3 13 27
7 73 324
5 40 85
2 7 9
1 3 4
7 33 71
9 12 23
7 82 532
9 48 235
3 13 16
1 3 4
6 68 162
2 7 9
4 22 25
7 43 95
2 4 5
9 127 350
6 16 24
6 22 48
6 60 205
3 9 13
3 13 18
1 3 4
1 3 4
7 74 272
6 49 79
8 122 734
4 6 12
5 47 51
7 18 43
7 93 351
6 34 64
1 3 4
5 47 50
2 7 9
1 3 4
4 9 13
9 104 532
1 3 4
7 61 119
3 5 6
6 44 72
1 3 4
1 3 4
2 8 12
8 59 110
6 41 57
5 31 36
9 97 609
4 6 7
2 4 5
1 3 4
5 47 87
5 35 168
7 70 150
2 7 9
3 13 17
5 39 109
7 93 562
1 3 4
6 7 9
8 89 534
3 8 10
2 7 9
5 23 55
1 3 4
8 93 535
10 160 819
4 30 31
1 3 4
9 14 31
2 7 9
9 97 432
4 23 35
1 3 4
7 82 249
1 3 4
6 11 32
1 3 4
1 3 4
8 43 158
3 14 16
2 4 5
2 4 5
8 11 26
2 7 9
8 74 165
5 11 23
3 14 16
8 71 195
2 8 12
1 3 4
2 4 5
9 102 595
6 16 30
1 3 4
1 3 4
4 21 25
1 3 4
7 52 130
6 35 54
3 17 18
6 24 44
2 7 9
10 43 84
5 36 93
1 3 4
4 21 46
7 50 105
1 3 4
1 3 4
7 9 28
3 13 16
7 59 61
1 3 4
4 6 7
7 44 60
4 21 25
1 3 4
1 3 4
8 47 172
2 4 6
6 28 77
4 25 40
5 15 22
7 58 85
4 13 16
6 25 41
7 61 109
2 7 9
1 3 4
8 74 471
2 7 9
1 3 4
1 3 4
2 7 9
1 3 4
8 19 51
5 32 60
1 3 4
1 3 4
5 15 18
7 68 130
3 14 22
7 66 370
1 3 4
4 7 9
7 42 71
2 7 9
2 7 9
10 28 84
6 59 279
5 31 36
4 22 25
5 21 23
3 13 16
3 5 9
7 66 102
1 3 4
6 44 114
2 7 9
1 3 4
7 74 257
6 29 41
9 63 246
1 3 4
4 21 34
9 99 790
1 3 4
5 37 48
3 5 6
1 3 4
1 3 4
1 3 4
5 8 13
1 3 4
7 93 160
8 77 443
1 3 4
9 140 358
1 3 4
2 7 9
3 13 16
1 3 4
2 7 9
7 47 59
1 3 4
4 18 41
2 7 9
6 8 28
8 98 1137
8 98 931
1 3 4
2 7 9
3 13 16
1 3 4
1 3 4
7 54 248
8 71 185
2 8 13
7 35 57
7 60 172
2 5 7
2 4 5
8 89 377
1 3 4
1 3 4
9 72 345
4 6 7
7 59 66
7 63 187
3 13 21
2 4 5
7 28 97
1 3 4
2 8 9
3 14 33
8 77 333
10 97 272
1 3 4
7 60 230
2 4 5
1 3 4
9 79 650
1 3 4
1 3 4
6 47 59
3 8 10
7 62 111
6 16 31
2 7 9
1 3 4
3 5 6
1 3 4
3 13 16
1 3 4
7 18 47
4 25 35
6 46 89
3 13 17
9 86 1269
8 122 4139
3 15 18
3 14 22
8 22 42
3 13 16
9 93 327
1 3 4
7 44 67
7 48 60
4 6 7
2 7 9
6 8 16
6 8 28
3 13 16
7 50 99
7 57 103
7 74 111
1 3 4
9 93 710
2 4 6
8 98 416
3 13 16
1 3 4
4 25 27
3 8 10
7 58 94
1 3 4
1 3 4
8 63 490
2 7 9
1 3 4
1 3 4
8 74 364
10 105 459
7 69 70
3 5 6
7 73 218
9 92 294
8 19 61
9 52 79
4 21 25
3 13 16
8 95 278
2 8 12
8 82 355
9 100 494
2 4 5
1 3 4
8 83 321
4 6 7
4 25 27
9 111 1919
8 13 49
8 99 572
4 26 30
8 30 80
2 4 5
4 23 27
2 7 9
1 3 4
1 3 4
6 25 40
7 74 236
1 3 4
1 3 4
5 32 56
1 3 4
1 3 4
6 49 181
2 7 9
7 39 125
1 3 4
4 23 28
8 82 497
9 60 133
1 3 4
9 55 179
2 4 6
5 11 23
1 3 4
1 3 4
6 47 472
3 14 16
4 21 25
8 78 566
5 35 49
5 47 157
6 7 9
8 95 210
6 8 16
8 66 421
6 56 90
1 3 4
1 3 4
8 93 544
6 33 72
3 13 16
8 23 51
1 3 4
2 4 5
4 21 25
6 44 50
4 21 25
5 8 13
8 90 222
7 67 234
2 4 5
2 7 9
7 82 137
2 7 9
7 12 16
3 8 10
5 40 102
8 54 126
7 61 149
1 3 4
2 7 9
1 3 4
7 68 153
7 10 28
3 9 12
8 76 423
7 65 476
4 26 35
3 13 16
10 136 1672
3 13 16
1 3 4
3 14 16
7 58 264
9 111 645
9 27 117
8 89 331
6 34 114
10 54 247
1 3 4
4 11 15
1 3 4
5 12 18
5 40 92
3 13 16
8 10 33
9 127 550
1 3 4
7 60 140
8 99 462
1 3 4
1 3 4
7 18 38
9 124 889
6 8 15
1 3 4
3 13 16
6 50 124
9 37 88
10 147 1766
4 21 31
6 68 450
4 25 27
10 136 1021
3 8 10
2 7 9
7 82 439
7 18 48
1 3 4
4 21 25
2 7 9
1 3 4
7 83 441
7 73 274
8 27 53
6 16 19
1 3 4
8 63 225
5 31 36
6 43 86
2 7 9
4 21 25
9 91 373
8 46 109
4 15 19
1 3 4
1 3 4
5 40 134
2 4 5
5 32 77
6 33 57
9 73 314
3 5 7
5 47 48
10 137 1425
1 3 4
1 3 4
1 3 4
2 4 5
10 20 75
2 7 9
3 13 16
6 35 40
1 3 4
7 18 61
6 68 362
1 3 4
8 99 2887
4 21 63
7 67 269
6 46 113
1 3 4
4 21 25
1 3 4
2 7 9
6 44 66
9 98 1259
8 36 110
1 3 4
10 47 153
5 17 34
1 3 4
1 3 4
1 3 4
4 11 12
8 35 115
3 13 16
7 53 243
7 58 156
1 3 4
4 25 27
1 3 4
2 8 9
5 40 85
3 14 16
1 3 4
1 3 4
4 6 10
1 3 4
8 32 75
8 48 75
4 21 55
2 7 9
4 21 25
9 54 166
6 55 146
10 41 187
2 7 11
4 25 28
5 31 36
6 56 77
9 140 813
7 36 113
4 30 100
2 7 9
5 11 17
5 34 146
9 101 487
10 142 550
3 17 21
2 7 9
1 3 4
1 3 4
6 53 326
9 107 522
2 7 9
7 61 369
6 8 17
5 31 83
6 68 307
9 127 366
6 43 97
1 3 4
1 3 4
7 73 394
3 13 16
5 7 18
7 73 169
1 3 4
3 15 36
5 24 31
7 60 131
8 83 280
5 27 30
2 4 5
6 43 96
1 3 4
6 52 55
8 27 54
3 17 18
1 3 4
4 25 27
1 3 4
1 3 4
3 14 16
1 3 4
1 3 4
1 3 4
8 10 62
3 13 16
7 82 294
3 13 16
3 5 8
3 5 6
8 11 30
9 81 209
7 82 300
6 16 23
7 44 142
5 40 42
3 13 16
1 3 4
1 3 4
3 17 21
2 4 6
4 21 38
1 3 4
4 21 27
4 22 32
1 3 4
4 30 50
2 7 9
2 7 9
2 7 9
1 3 4
1 3 4
1 3 4
2 7 9
1 3 4
1 3 4
1 3 4
9 12 124
3 13 16
3 8 10
1 3 4
1 3 4
1 3 4
2 7 11
8 10 66
1 3 4
3 13 16
3 8 10
8 47 138
6 68 173
6 53 89
1 3 4
1 3 4
2 7 9
7 63 238
1 3 4
5 7 8
1 3 4
3 13 16
1 3 4
1 3 4
6 48 80
1 3 4
5 31 44
1 3 4
1 3 4
1 3 4
2 4 5
2 8 9
3 14 16
2 7 9
1 3 4
2 4 5
1 3 4
2 7 9
2 4 5
2 4 5
1 3 4
2 4 6
1 3 4
1 3 4
1 3 4
1 3 4
2 4 6
1 3 4
3 6 10
2 8 12
5 27 36
6 52 174
1 3 4
1 3 4
1 3 4
1 3 4
1 3 4
1 3 4
4 6 7
6 11 29
5 16 29
3 14 23
1 3 4
1 3 4
1 3 4
7 73 205
4 30 79
1 3 4
1 3 4
1 3 4
3 8 12
1 3 4
1 3 4
1 3 4
2 7 9
2 8 13
2 4 5
1 3 4
1 3 4
2 4 5
3 13 16
1 3 4
2 8 9
1 3 4
1 3 4
3 5 7
4 30 52
9 15 51
1 3 4
3 5 7
5 25 76
3 13 16
1 3 4
1 3 4
5 7 13
1 3 4
3 5 6
1 3 4
2 7 9
1 3 4
1 3 4
9 12 80
1 3 4
1 3 4
3 8 10
2 7 13
1 3 4
1 3 4
4 17 42
1 3 4
5 36 56
1 3 4
5 27 44
7 74 519
1 3 4
1 3 4
1 3 4
4 21 41
1 3 4
1 3 4
8 10 71
1 3 4
2 8 9
5 20 33
1 3 4
4 23 44
1 3 4
2 7 9
2 4 5
2 4 5
9 14 149
2 7 9
3 13 16
1 3 4
3 13 16
1 3 4
2 4 5
5 33 54
1 3 4
3 13 16
2 4 5
2 7 9
6 24 29
2 7 9
1 3 4
2 4 5
4 14 17
2 4 6
1 3 4
2 4 6
9 18 96
4 30 34
1 3 4
3 13 16
1 3 4
3 6 10
6 53 204
2 7 9
5 33 62
1 3 4
5 40 43
1 3 4
2 4 6
2 4 5
4 6 12
2 7 9
2 8 13
1 3 4
1 3 4
5 33 119
2 7 9
1 3 4
1 3 4
2 8 9
4 6 8
6 34 58
1 3 4
4 17 21
1 3 4
1 3 4
5 14 29
1 3 4
1 3 4
3 9 13
2 4 5
1 3 4
1 3 4
1 3 4
1 3 4
10 31 186
4 6 9
6 68 115
3 13 16
1 3 4
2 4 5
5 47 74
4 26 27
1 3 4
1 3 4
1 3 4
2 7 9
1 3 4
1 3 4
1 3 4
3 13 16
7 13 40
2 8 9
1 3 4
1 3 4
2 7 9
7 51 256
1 3 4
2 4 5
2 4 5
3 13 16
1 3 4
3 15 39
1 3 4
2 7 9
2 7 9
1 3 4
1 3 4
2 7 9
2 7 9
7 9 57
7 82 185
7 9 74
1 3 4
4 30 53
1 3 4
2 7 9
1 3 4
1 3 4
7 38 122
2 7 9
1 3 4
1 3 4
1 3 4
2 7 9
1 3 4
3 14 24
3 5 6
1 3 4
1 3 4
1 3 4
1 3 4
8 10 79
2 7 9
6 24 48
1 3 4
1 3 4
7 8 31
2 5 7
1 3 4
1 3 4
5 47 284
2 7 9
1 3 4
3 8 10
2 7 9
1 3 4
2 4 5
7 46 76
1 3 4
1 3 4
1 3 4
8 34 109
1 3 4
7 25 84
1 3 4
1 3 4
2 4 5
1 3 4
1 3 4
4 21 65
2 7 9
1 3 4
9 48 178
1 3 4
3 8 10
1 3 4
3 15 18
1 3 4
1 3 4
1 3 4
3 13 16
1 3 4
2 7 9
2 8 9
8 10 77
1 3 4
1 3 4
2 7 9
2 7 9
1 3 4
5 7 8
1 3 4
2 4 5
1 3 4
1 3 4
4 30 31
4 21 25
9 19 145
2 4 5
1 3 4
2 7 9
8 13 63
3 13 16
3 15 21
1 3 4
1 3 4
1 3 4
2 7 9
1 3 4
6 48 189
1 3 4
1 3 4
4 6 13
1 3 4
1 3 4
4 30 44
9 51 146
7 28 60
3 5 6
3 5 7
4 21 34
1 3 4
1 3 4
7 74 1078
1 3 4
1 3 4
3 5 6
3 14 21
1 3 4
9 12 96
2 7 9
8 14 53
2 7 9
4 30 31
5 32 66
1 3 4
3 15 19
2 7 9
1 3 4
1 3 4
7 24 68
9 11 128
1 3 4
1 3 4
1 3 4
3 13 16
1 3 4
3 13 16
1 3 4
2 4 5
1 3 4
4 22 28
2 4 5
9 12 80
1 3 4
2 7 9
2 4 5
3 13 21
9 33 216
4 23 28
5 47 148
4 23 25
2 4 5
1 3 4
3 5 6
1 3 4
1 3 4
1 3 4
6 68 833
1 3 4
2 7 11
3 8 10
2 8 9
2 7 9
1 3 4
8 83 716
6 28 53
3 14 16
4 30 34
1 3 4
1 3 4
2 7 9
1 3 4
3 15 23
1 3 4
1 3 4
3 14 22
4 30 33
4 22 53
1 3 4
2 7 9
4 21 25
3 13 16
7 82 691
1 3 4
1 3 4
1 3 4
1 3 4
1 3 4
5 36 168
1 3 4
1 3 4
1 3 4
1 3 4
1 3 4
1 3 4
1 3 4
3 15 19
1 3 4
4 25 29
4 21 31
1 3 4
1 3 4
1 3 4
2 7 9
2 7 9
4 6 9
1 3 4
1 3 4
2 8 9
1 3 4
1 3 4
3 13 16
1 3 4
5 24 44
5 35 65
1 3 4
1 3 4
1 3 4
2 7 9
1 3 4
1 3 4
2 7 9
2 7 9
1 3 4
4 15 21
6 68 424
2 4 5
4 22 25
1 3 4
1 3 4
1 3 4
8 10 107
4 9 12
1 3 4
5 31 36
1 3 4
4 22 40
2 7 9
4 25 75
6 68 158
2 7 9
2 7 9
1 3 4
6 43 52
1 3 4
1 3 4
1 3 4
2 7 9
1 3 4
1 3 4
1 3 4
1 3 4
1 3 4
1 3 4
2 7 9
4 21 26
1 3 4
5 47 112
7 9 73
7 73 541
1 3 4
1 3 4
4 21 38
7 24 86
3 13 16
1 3 4
2 4 5
2 8 9
2 7 11
1 3 4
2 8 9
9 20 91
9 15 162
1 3 4
1 3 4
4 19 38
1 3 4
1 3 4
1 3 4
5 47 113
2 7 9
6 12 21
3 10 17
2 7 9
1 3 4
1 3 4
7 69 446
1 3 4
1 3 4
1 3 4
1 3 4
1 3 4
8 77 492
4 24 30
8 39 81
1 3 4
1 3 4
1 3 4
7 9 54
1 3 4
1 3 4
2 4 5
1 3 4
3 13 16
2 7 9
1 3 4
1 3 4
1 3 4
4 6 7
9 11 77
3 8 10
1 3 4
1 3 4
2 4 5
4 9 11
2 7 9
1 3 4
4 14 17
5 33 38
1 3 4
3 13 16
3 13 16
1 3 4
2 7 9
6 33 60
5 47 59
3 15 18
7 33 110
2 5 7
5 27 45
3 9 12
2 7 9
3 14 19
1 3 4
1 3 4
1 3 4
8 18 107
4 9 13
5 47 137
5 32 84
1 3 4
6 47 89
1 3 4
9 31 108
5 10 16
1 3 4
7 62 98
1 3 4
4 30 31
3 14 16
8 79 206
2 4 5
2 7 11
1 3 4
1 3 4
1 3 4
1 3 4
1 3 4
2 7 9
7 45 151
2 7 9
3 14 20
9 44 240
3 17 18
2 8 14
1 3 4
2 4 5
2 8 10
1 3 4
1 3 4
1 3 4
4 14 17
1 3 4
1 3 4
1 3 4
1 3 4
1 3 4
8 11 38
7 67 219
1 3 4
2 7 9
2 8 9
1 3 4
2 7 9
10 17 91
1 3 4
1 3 4
3 8 10
2 8 10
6 49 330
2 8 14
6 37 105
1 3 4
1 3 4
2 7 11
2 7 9
2 4 5
7 12 29
2 8 14
1 3 4
3 8 10
2 7 9
8 17 70
2 5 9
7 59 163
3 5 6
1 3 4
2 4 5
3 9 17
4 22 28
1 3 4
1 3 4
1 3 4
4 26 27
1 3 4
2 7 9
3 8 10
2 7 9
1 3 4
4 25 31
1 3 4
2 7 9
3 13 29
8 24 88
1 3 4
1 3 4
1 3 4
1 3 4
9 36 144
1 3 4
1 3 4
4 15 17
3 14 16
2 7 9
1 3 4
2 4 5
8 55 273
1 3 4
1 3 4
2 7 9
1 3 4
2 7 9
2 8 10
6 68 307
4 23 49
1 3 4
1 3 4
3 15 18
2 4 5
1 3 4
7 74 265
9 11 127
1 3 4
4 22 41
1 3 4
6 53 127
2 7 11
10 16 63
5 40 79
3 13 16
2 4 5
3 5 6
1 3 4
3 5 7
4 6 9
3 8 10
5 40 111
1 3 4
1 3 4
1 3 4
2 8 9
1 3 4
2 4 5
2 4 5
2 7 9
1 3 4
1 3 4
1 3 4
1 3 4
7 9 43
5 32 87
1 3 4
1 3 4
3 17 19
1 3 4
4 22 25
1 3 4
2 7 11
1 3 4
2 4 5
3 5 8
2 4 5
1 3 4
1 3 4
2 7 9
1 3 4
1 3 4
1 3 4
7 47 96
1 3 4
2 7 9
1 3 4
8 39 183
1 3 4
6 52 159
1 3 4
1 3 4
2 7 9
7 52 184
1 3 4
1 3 4
4 22 25
1 3 4
2 4 5
1 3 4
1 3 4
3 15 19
1 3 4
1 3 4
3 13 16
4 22 41
2 4 5
1 3 4
1 3 4
1 3 4
1 3 4
1 3 4
1 3 4
1 3 4
1 3 4
1 3 4
1 3 4
3 5 6
1 3 4
1 3 4
7 9 29
2 4 5
2 7 9
1 3 4
2 7 9
1 3 4
2 7 9
2 8 9
5 31 36
2 4 6
3 13 16
4 30 31
1 3 4
2 4 5
2 7 9
1 3 4
1 3 4
3 14 17
8 10 52
4 14 21
10 12 93
1 3 4
5 11 20
3 13 29
1 3 4
2 7 9
1 3 4
2 7 9
2 4 6
4 9 17
2 4 5
2 4 5
3 13 16
3 8 14
3 9 10
1 3 4
1 3 4
1 3 4
1 3 4
1 3 4
9 27 121
3 5 6
3 17 31
5 28 59
1 3 4
1 3 4
2 7 9
1 3 4
1 3 4
5 35 38
1 3 4
1 3 4
1 3 4
9 14 3
2 4 5
1 3 4
2 8 12
1 3 4
3 13 16
1 3 4
2 7 9
2 4 5
3 13 16
1 3 4
10 15 3
5 7 12
1 3 4
8 110 1565
2 4 6
5 18 22
1 3 4
5 20 28
5 23 27
1 3 4
1 3 4
2 7 9
4 6 7
3 13 17
2 4 5
5 32 60
1 3 4
6 68 172
10 52 224
3 6 10
1 3 4
2 7 9
1 3 4
1 3 4
1 3 4
3 15 18
1 3 4
5 32 80
5 36 76
2 4 5
1 3 4
9 85 323
4 16 35
3 5 6
2 7 9
1 3 4
6 57 418
1 3 4
1 3 4
1 3 4
1 3 4
1 3 4
1 3 4
2 7 9
10 27 205
2 8 9
9 12 118
1 3 4
1 3 4
1 3 4
4 19 35
1 3 4
1 3 4
2 7 9
7 9 51
2 7 9
1 3 4
2 7 9
4 9 11
2 8 14
2 7 9
1 3 4
5 30 66
2 4 5
1 3 4
5 20 29
2 4 6
5 14 30
1 3 4
5 7 11
1 3 4
4 21 25
1 3 4
1 3 4
5 47 48
2 7 9
1 3 4
3 15 18
1 3 4
2 7 9
1 3 4
3 8 13
1 3 4
3 14 17
3 14 36
1 3 4
1 3 4
1 3 4
4 21 38
6 52 192
6 45 99
3 5 7
2 4 5
2 4 5
1 3 4
1 3 4
10 29 118
1 3 4
2 4 5
1 3 4
5 47 53
2 7 9
8 10 73
1 3 4
2 8 12
9 11 2
4 21 27
4 21 40
2 7 11
3 5 6
1 3 4
2 4 5
4 14 17
1 3 4
8 90 683
1 3 4
1 3 4
3 13 21
5 11 15
2 7 9
2 7 9
2 4 5
1 3 4
1 3 4
2 7 9
1 3 4
6 9 33
1 3 4
2 7 9
2 4 5
1 3 4
1 3 4
1 3 4
1 3 4
2 7 9
2 7 9
1 3 4
5 47 48
1 3 4
1 3 4
2 8 10
3 13 16
1 3 4
1 3 4
1 3 4
2 4 6
2 7 9
1 3 4
3 5 6
3 8 10
2 4 5
3 13 17
4 23 40
2 4 5
1 3 4
1 3 4
1 3 4
1 3 4
1 3 4
1 3 4
8 62 299
7 10 45
3 14 16
6 44 92
1 3 4
4 9 11
1 3 4
1 3 4
4 21 22
8 122 227
6 41 62
6 53 61
8 63 170
1 3 4
7 69 298
4 6 7
9 155 413
8 109 190
2 4 5
9 155 389
9 127 562
9 111 584
8 98 239
4 16 46
6 8 12
8 98 172
7 82 179
10 175 478
5 31 36
8 98 137
9 100 518
2 8 10
1 3 4
9 44 91
8 122 551
8 50 62
5 31 71
9 39 56
4 30 47
7 82 105
3 14 16
7 93 616
8 26 68
7 43 94
9 108 403
9 117 192
6 68 69
10 140 433
7 21 53
8 75 228
8 82 98
8 18 32
7 62 203
5 31 36
6 11 15
1 3 4
7 53 135
5 47 170
7 60 113
1 3 4
6 33 54
7 82 162
3 13 16
9 98 265
4 9 11
6 48 72
6 43 49
8 69 185
9 128 223
1 3 4
7 12 23
4 25 44
3 14 16
9 155 1059
3 14 16
9 155 1143
7 13 23
7 45 98
5 47 48
1 3 4
3 8 10
5 35 45
8 122 329
5 10 17
5 32 72
10 120 442
6 68 166
8 10 12
6 8 11
8 43 115
7 82 333
7 93 202
1 3 4
7 33 38
8 95 450
4 30 31
2 8 12
7 60 149
3 8 10
8 122 271
2 7 9
5 40 42
8 109 408
1 3 4
5 40 42
8 90 459
7 83 228
10 110 401
8 99 139
6 43 49
6 8 9
3 17 18
5 33 37
8 98 222
9 117 216
1 3 4
9 99 651
4 15 26
10 138 836
2 7 9
1 3 4
9 20 41
6 8 19
5 47 133
3 8 10
6 45 51
9 155 388
2 4 5
10 160 1548
7 66 182
5 32 36
8 95 145
2 7 9
9 140 850
9 11 17
9 155 355
3 13 16
9 155 1466
3 15 18
8 122 150
3 5 6
7 93 228
2 7 9
8 25 41
6 37 127
5 40 156
6 68 84
3 17 18
9 111 215
7 73 94
8 122 266
8 122 254
8 122 674
7 49 68
6 8 12
6 11 18
8 75 104
8 58 107
8 91 447
8 82 289
9 31 44
8 98 376
1 3 4
8 13 22
6 53 110
3 13 16
10 157 873
9 128 348
6 52 119
7 39 69
8 100 655
4 21 25
10 118 390
4 25 28
9 111 568
7 34 46
2 7 9
9 103 263
5 40 95
9 94 308
3 17 18
7 74 91
7 93 526
9 127 710
4 25 37
10 175 297
4 17 21
3 10 11
9 19 49
5 31 36
8 98 112
3 14 21
9 112 275
4 21 38
8 83 263
7 93 170
10 175 466
6 52 105
8 122 314
8 98 230
5 27 65
9 118 182
7 83 466
9 34 102
2 8 14
5 31 98
5 22 26
7 77 343
7 61 244
8 83 173
8 122 610
7 9 23
6 35 58
6 11 25
9 155 842
3 13 16
7 74 276
9 85 131
8 83 88
10 120 395
8 80 247
3 8 9
5 36 71
7 34 62
7 65 94
1 3 4
5 14 22
1 3 4
9 97 412
7 61 227
6 17 39
6 8 9
7 64 80
5 40 63
7 53 166
6 24 59
6 56 348
6 52 55
9 99 352
6 68 239
6 50 125
7 9 17
6 68 131
3 8 11
7 67 175
1 3 4
6 47 66
9 127 526
6 68 372
9 84 181
8 35 61
5 32 36
1 3 4
7 38 44
8 98 191
4 9 15
9 155 571
9 107 309
1 3 4
3 13 16
4 23 27
7 12 14
9 127 222
3 14 21
10 175 598
8 83 97
5 7 9
3 9 13
8 74 159
1 3 4
3 13 16
8 18 23
1 3 4
10 147 392
4 6 8
9 117 700
7 9 16
3 15 21
8 77 260
8 10 27
8 34 39
2 4 6
8 99 178
5 47 53
2 7 9
8 76 127
7 9 11
8 9 13
9 99 211
8 122 476
6 52 64
7 82 227
9 108 347
6 38 66
3 17 32
1 3 4
4 23 24
6 68 127
8 74 342
6 46 60
7 43 99
9 118 303
2 4 5
5 32 74
5 31 65
8 89 222
8 82 132
1 3 4
6 36 42
9 11 33
9 127 443
8 93 133
8 10 17
8 109 382
5 33 91
9 140 287
7 55 106
9 100 190
9 155 659
6 51 75
10 127 531
4 21 25
6 21 50
8 10 17
7 9 28
6 16 22
9 96 413
7 38 48
8 81 197
8 9 15
9 69 153
5 17 23
7 58 164
9 62 109
6 52 75
7 26 40
5 7 12
10 60 109
2 7 9
8 98 426
5 31 36
9 55 105
2 7 9
5 47 142
4 18 21
9 116 355
5 40 50
8 109 539
7 9 16
8 122 547
6 52 99
4 25 44
7 58 156
5 47 48
9 107 141
5 32 60
9 95 334
2 4 5
6 41 49
5 26 28
9 28 45
9 116 359
8 76 282
9 14 23
4 6 7
8 109 282
7 73 234
2 7 9
2 7 9
7 57 131
1 3 4
8 14 23
9 140 1114
7 67 130
10 15 3
7 50 57
4 30 45
6 10 14
4 5 6
9 155 257
5 36 82
10 160 604
5 10 18
6 8 11
4 25 33
9 10 24
8 122 244
4 23 29
1 3 4
10 128 477
1 3 4
4 30 82
3 5 6
10 160 635
4 14 17
4 6 7
5 33 78
10 147 292
9 116 247
9 108 258
8 10 18
5 25 80
8 95 127
6 12 18
6 11 23
6 43 61
6 8 16
9 127 194
8 50 104
8 87 402
8 61 133
9 127 171
8 99 240
10 149 763
6 68 102
7 61 66
7 93 216
9 91 133
8 98 362
7 39 63
6 44 85
8 59 191
5 41 46
4 30 69
10 142 220
3 5 6
4 30 59
1 3 4
7 93 182
5 35 68
9 127 183
7 82 214
10 129 260
5 36 83
1 3 4
4 26 63
7 60 129
8 90 416
7 67 129
1 3 4
8 79 215
5 35 57
7 93 855
10 106 442
8 10 22
6 59 72
6 45 63
8 109 168
7 9 15
8 62 193
5 47 112
5 41 45
9 87 239
9 140 160
5 32 37
8 95 305
7 73 89
8 76 380
8 13 28
1 3 4
8 10 21
5 26 55
7 82 110
8 91 155
5 31 36
9 112 992
8 82 196
6 33 44
9 140 1096
2 7 9
9 103 404
5 31 36
7 93 220
3 14 16
8 98 185
7 74 234
2 4 5
7 70 123
7 83 533
6 47 68
8 76 261
5 14 17
7 26 32
7 12 30
6 45 91
7 82 231
3 9 12
8 110 153
8 109 158
6 44 135
6 42 45
8 82 119
6 52 55
6 24 41
6 8 9
4 25 44
7 82 529
8 98 459
9 127 659
6 48 147
7 62 206
8 68 126
6 23 36
8 91 485
9 11 44
9 96 237
2 8 12
6 8 11
7 53 135
8 100 677
3 13 24
6 68 69
7 67 236
10 98 161
2 7 9
9 155 4608
9 108 467
5 32 36
7 9 17
8 122 303
10 93 254
8 109 314
4 9 15
8 122 296
8 78 233
9 140 230
7 74 91
7 21 26
6 59 118
1 3 4
9 140 345
6 27 39
7 73 150
3 15 18
9 104 499
6 45 158
6 54 75
3 17 18
7 25 44
6 37 42
6 23 35
7 74 87
6 43 76
7 70 107
3 14 24
9 140 521
5 47 48
8 122 252
8 65 181
7 73 208
9 109 289
7 93 172
6 49 72
8 122 223
5 26 53
3 8 10
5 31 61
3 9 17
10 175 808
6 59 73
3 17 18
7 73 363
1 3 4
8 83 223
8 86 113
10 114 802
10 160 511
6 48 49
7 66 178
7 9 14
5 24 28
9 94 449
6 47 81
7 69 83
7 70 119
6 45 138
6 43 49
7 93 372
7 57 160
1 3 4
8 82 115
6 60 94
3 5 6
6 59 106
7 70 143
10 118 316
6 68 77
8 78 183
3 13 16
2 4 5
8 58 204
8 94 163
9 127 599
7 17 32
3 13 16
9 140 597
5 25 74
5 19 38
6 44 80
10 125 419
8 13 16
1 3 4
7 93 368
5 47 79
3 13 16
8 67 152
5 47 56
9 99 148
8 75 206
5 40 87
8 84 189
7 12 17
2 7 9
7 69 116
8 74 169
9 95 339
10 113 452
9 116 465
7 93 310
8 89 174
8 61 147
6 40 122
8 68 124
7 69 272
10 113 259
7 75 306
7 82 146
8 55 82
7 93 119
8 109 340
8 90 353
10 148 550
4 6 8
9 116 564
6 12 17
6 68 137
2 4 5
8 86 230
3 14 23
8 18 55
7 45 60
7 18 32
6 68 80
5 32 36
1 3 4
7 67 151
5 31 36
5 40 86
5 7 9
7 9 19
6 59 156
6 53 151
9 14 24
4 6 7
10 161 519
6 43 57
6 45 166
2 4 5
8 93 228
10 85 339
1 3 4
9 100 274
7 73 76
1 3 4
2 7 9
9 124 173
8 89 330
8 98 581
6 51 77
10 12 42
2 7 9
5 47 115
7 80 179
3 5 6
6 60 216
8 105 152
7 67 82
5 35 47
6 8 21
3 9 10
4 6 7
8 95 115
5 31 43
5 47 74
7 35 50
6 52 57
5 7 12
8 65 142
7 82 162
3 13 16
1 3 4
8 13 17
5 47 101
8 26 83
6 41 144
6 45 87
10 148 391
1 3 4
10 55 74
4 15 18
4 25 27
9 124 128
3 14 19
8 98 225
4 21 32
8 34 37
2 8 9
4 21 25
4 21 22
7 49 76
8 82 377
5 15 23
4 30 33
9 73 249
8 19 36
8 75 161
10 131 371
7 70 229
2 7 9
1 3 4
7 82 123
2 7 9
5 31 36
7 58 134
10 147 709
6 59 100
7 93 667
7 54 134
7 29 43
8 122 770
6 45 96
7 40 93
8 47 80
8 88 285
4 25 39
6 60 62
7 24 37
8 75 255
9 127 130
10 129 203
1 3 4
8 90 169
5 7 17
6 52 102
7 66 70
5 47 182
8 78 404
1 3 4
3 14 17
9 111 510
3 5 7
8 73 136
7 82 90
10 90 8715
2 7 9
2 4 5
9 93 438
2 7 9
9 140 430
4 23 30
8 84 287
4 10 14
9 96 294
3 13 16
4 14 17
7 9 11
1 3 4
9 95 564
4 22 58
2 7 9
7 93 723
8 86 237
8 74 302
3 13 16
10 124 225
4 9 12
8 89 235
7 17 22
4 25 28
1 3 4
4 30 32
9 155 317
9 140 503
5 31 39
6 44 69
9 116 333
1 3 4
9 11 20
8 83 409
5 31 36
3 13 16
6 59 178
8 73 141
8 91 283
6 43 49
7 82 493
8 109 137
8 122 183
10 105 486
1 3 4
6 44 76
9 140 246
6 52 210
10 124 504
8 122 139
7 82 118
1 3 4
9 112 360
8 78 231
7 48 107
9 94 344
6 27 42
10 129 207
2 7 9
8 54 75
8 122 240
1 3 4
5 16 20
6 43 58
7 33 39
6 48 119
7 60 146
4 21 25
10 140 374
10 157 365
8 89 265
6 45 106
3 13 19
5 36 61
3 17 18
6 8 10
3 8 10
8 90 195
4 14 26
6 11 13
8 122 685
9 100 159
4 25 64
9 127 590
5 47 79
2 4 5
5 33 98
9 107 197
8 62 110
7 82 470
6 23 29
9 140 452
8 98 120
2 4 5
1 3 4
4 17 27
2 7 9
6 49 219
9 65 231
9 127 575
2 7 9
7 59 200
6 52 87
8 74 193
7 16 26
3 13 16
7 17 20
10 121 410
5 40 62
9 11 21
3 13 16
9 117 220
7 93 280
3 17 20
5 10 12
6 52 81
6 8 11
3 13 16
6 11 26
7 9 20
2 7 9
9 127 465
8 75 135
9 11 40
6 11 16
6 48 107
8 99 146
6 68 229
7 73 237
4 25 27
7 83 263
7 61 136
10 115 579
6 43 113
7 46 103
1 3 4
2 7 9
1 3 4
8 83 135
6 42 112
10 175 366
7 82 150
4 22 38
6 43 53
4 23 40
7 45 58
5 47 141
9 96 525
4 6 7
9 140 216
4 25 27
9 116 146
7 60 139
6 11 17
9 100 273
7 13 16
7 9 41
8 10 35
2 8 12
9 104 226
7 66 150
8 94 97
8 48 88
7 15 22
10 50 88
6 8 11
4 14 17
6 46 108
8 82 118
1 3 4
7 60 89
8 78 217
7 50 153
8 60 182
6 68 139
9 109 371
7 34 102
7 93 143
8 10 19
3 13 16
6 68 105
8 26 79
2 7 9
8 73 124
4 22 32
7 12 16
7 71 292
7 93 469
8 98 223
6 47 59
6 33 73
8 109 399
8 10 30
5 7 8
1 3 4
9 125 433
7 61 112
4 21 25
7 66 194
7 67 273
9 14 3
5 10 16
9 76 197
10 175 367
8 57 64
9 118 167
4 28 64
8 84 171
6 59 235
7 82 162
7 58 64
1 3 4
10 147 346
3 17 42
8 122 461
7 93 767
4 9 11
6 48 61
9 128 358
9 140 446
5 16 32
8 78 309
7 73 89
2 7 9
2 4 5
9 103 386
7 66 70
6 68 81
6 60 129
8 98 559
8 98 212
6 47 62
8 109 111
1 3 4
6 43 57
6 32 38
4 22 28
8 62 179
9 127 500
6 59 101
5 40 61
8 100 126
6 44 59
9 19 4
10 128 645
5 11 16
7 34 93
9 122 568
9 111 299
10 128 665
1 3 4
9 127 453
7 38 49
7 8 35
6 16 19
8 10 40
7 93 384
5 36 54
4 6 7
8 83 233
1 3 4
1 3 4
3 13 22
9 68 283
7 93 907
2 4 5
3 5 6
8 13 37
8 109 554
9 14 71
4 22 38
8 122 703
5 15 30
5 10 18
10 16 87
8 85 188
8 109 560
8 53 182
5 7 8
4 21 25
1 3 4
9 111 931
7 93 502
9 11 31
5 10 26
8 98 207
1 3 4
9 11 97
8 98 1135
8 10 22
8 10 99
6 45 146
7 58 73
6 8 10
3 13 16
8 19 53
3 13 16
4 22 25
2 7 11
7 52 98
10 175 1297
8 99 225
6 28 39
4 6 10
8 122 516
1 3 4
5 26 28
7 58 158
9 19 86
9 155 1197
7 82 258
10 52 181
8 25 60
3 14 29
7 10 19
5 36 58
10 124 990
5 36 67
3 14 27
3 17 28
5 26 28
4 26 39
6 47 156
4 6 9
1 3 4
9 11 72
9 140 360
10 140 1592
10 12 73
9 155 1944
5 32 84
9 155 878
3 13 16
9 104 521
4 30 84
1 3 4
1 3 4
4 10 15
9 19 55
5 32 36
10 175 2104
9 109 428
8 35 92
9 140 385
1 3 4
9 11 61
9 11 76
2 8 9
8 122 634
8 98 124
7 93 1408
8 89 280
8 109 590
2 7 9
10 175 1384
6 44 144
7 38 97
5 30 186
1 3 4
3 13 16
9 140 1552
5 47 95
8 10 44
9 80 253
1 3 4
7 93 541
9 11 50
7 17 89
2 8 10
4 30 47
6 68 143
8 110 555
1 3 4
9 12 40
5 33 104
2 7 9
2 7 9
5 47 320
9 117 1648
1 3 4
10 12 51
6 33 80
1 3 4
5 27 42
6 60 98
1 3 4
8 59 264
9 63 105
6 68 115
8 61 151
4 14 17
9 155 1351
9 127 710
4 30 36
7 9 37
1 3 4
8 109 429
9 11 20
7 82 560
7 58 118
9 143 676
1 3 4
6 41 107
4 25 49
4 9 14
8 109 741
9 72 190
6 47 94
8 13 38
9 11 57
7 71 271
6 43 106
4 17 25
6 8 12
6 33 35
7 21 82
10 157 3222
8 73 158
1 3 4
9 128 1224
1 3 4
6 8 19
6 59 92
9 93 589
9 52 183
7 11 23
8 10 14
9 19 64
8 122 2180
7 82 148
9 11 54
3 14 17
4 6 7
6 47 126
7 93 162
8 19 48
1 3 4
4 22 42
3 14 16
8 122 793
6 44 160
3 17 40
5 32 87
9 128 1396
7 12 19
7 82 506
9 155 803
7 70 286
9 124 777
5 47 325
4 30 36
9 116 2331
8 95 1293
8 109 633
6 11 31
2 8 9
3 8 10
9 14 65
2 7 9
7 9 2
10 136 939
2 7 9
7 52 158
1 3 4
7 93 379
7 31 110
2 7 9
5 16 21
9 11 64
9 140 1890
5 31 38
4 10 14
4 21 31
1 3 4
10 175 1611
9 99 705
10 15 87
8 98 919
1 3 4
2 4 5
7 9 20
8 82 299
2 7 9
9 98 747
6 59 83
1 3 4
9 75 282
1 3 4
3 13 22
9 99 333
5 40 42
1 3 4
6 53 96
9 136 309
6 8 12
9 116 1455
8 85 364
3 17 18
6 32 46
9 24 50
9 11 39
9 40 85
5 10 12
9 11 43
9 86 177
8 72 222
3 17 32
4 14 18
6 43 85
9 141 1382
1 3 4
9 74 276
9 50 169
7 82 190
9 141 761
1 3 4
6 68 198
7 83 228
8 110 403
7 93 437
3 14 21
2 7 11
6 53 179
8 90 378
7 17 56
7 82 270
9 124 659
8 98 692
1 3 4
2 7 9
6 68 96
8 10 46
4 6 13
9 116 134
2 8 13
4 25 27
2 7 9
6 48 115
9 101 695
7 59 227
1 3 4
9 155 1356
2 7 9
6 68 214
2 4 5
5 41 70
7 83 409
7 69 280
8 69 1059
7 67 195
5 11 23
10 101 262
6 50 182
5 31 52
8 19 55
5 47 155
1 3 4
7 82 526
7 9 27
3 13 16
9 100 467
10 13 82
5 7 23
2 7 9
2 7 9
7 9 19
6 47 48
8 31 72
9 117 425
7 93 835
9 11 65
7 54 170
9 62 142
7 9 42
8 97 1250
1 3 4
8 11 36
6 68 86
1 3 4
3 5 6
3 5 6
4 30 61
4 23 24
6 16 45
10 61 513
4 21 25
6 68 111
7 93 403
7 51 68
6 8 14
6 56 284
1 3 4
7 9 25
5 47 177
9 36 132
7 42 78
9 100 594
4 26 33
1 3 4
8 93 260
8 10 2
9 116 401
10 147 1223
1 3 4
4 14 17
8 55 139
2 5 7
5 47 123
8 109 355
10 65 275
6 40 87
7 60 316
1 3 4
7 83 192
9 15 101
9 155 851
1 3 4
1 3 4
7 82 347
6 43 95
4 6 16
5 15 30
6 68 132
2 7 9
3 5 7
1 3 4
8 109 629
1 3 4
9 23 85
4 11 14
7 63 212
6 20 44
1 3 4
8 85 499
3 5 7
5 47 164
7 48 124
4 22 55
1 3 4
8 78 400
8 10 26
4 21 25
2 7 9
9 54 215
2 4 6
1 3 4
6 56 196
2 7 9
8 109 171
4 22 46
7 43 107
5 7 15
7 17 31
8 25 81
9 128 1067
7 54 325
2 7 9
7 82 183
7 82 197
7 70 366
10 175 1903
10 128 296
2 7 13
7 10 19
2 8 10
10 175 2022
7 22 27
9 155 1340
1 3 4
6 8 13
7 26 49
1 3 4
1 3 4
7 93 338
1 3 4
9 57 190
5 33 56
9 11 25
8 68 312
6 68 125
9 108 696
10 12 59
8 122 553
5 32 36
1 3 4
8 100 650
6 28 36
4 22 25
8 61 1139
6 44 97
8 10 26
1 3 4
9 56 104
1 3 4
8 122 535
3 8 10
8 10 59
7 9 25
9 140 2988
2 7 9
2 4 5
8 122 3210
5 22 29
9 64 287
6 52 155
2 7 9
1 3 4
1 3 4
8 10 58
2 4 6
8 86 390
4 23 24
9 127 673
2 7 9
6 8 28
9 55 157
10 113 599
3 13 16
8 62 147
4 30 55
6 44 83
6 17 19
6 55 238
1 3 4
10 131 731
7 93 121
7 12 18
3 13 21
4 25 68
9 155 1140
4 23 51
6 8 17
6 59 86
8 10 24
1 3 4
1 3 4
2 7 9
6 8 19
8 122 590
7 49 111
1 3 4
3 13 31
5 23 43
6 49 157
7 77 619
3 5 6
7 28 60
1 3 4
9 127 1196
2 8 12
1 3 4
8 10 41
9 11 87
8 122 746
7 82 421
10 112 932
2 7 9
8 10 39
8 122 585
1 3 4
9 14 71
6 8 13
7 68 322
3 13 16
5 7 9
8 14 92
5 41 183
9 27 65
9 20 30
1 3 4
10 29 95
2 7 9
1 3 4
6 53 55
9 46 207
6 60 176
4 26 44
8 122 1170
4 6 8
2 8 9
6 43 58
9 11 147
8 18 46
9 14 54
6 28 67
6 7 13
8 67 216
8 77 244
9 11 98
9 11 98
7 93 599
6 68 243
3 5 6
1 3 4
4 30 65
4 21 62
7 75 220
8 10 52
8 74 570
6 32 118
1 3 4
6 47 59
1 3 4
7 29 64
7 69 156
1 3 4
6 68 222
3 14 19
2 4 5
9 12 64
8 13 39
7 46 291
7 93 238
8 109 4569
1 3 4
3 13 16
2 7 9
9 12 76
9 103 357
8 94 425
6 9 13
1 3 4
7 45 78
3 5 6
9 23 54
10 77 216
8 122 288
9 155 2071
2 7 9
3 14 16
8 109 1151
4 30 63
10 86 300
9 13 40
8 93 835
7 13 26
7 62 165
1 3 4
2 8 10
2 4 5
7 75 168
7 93 415
7 51 193
7 61 191
9 65 213
9 127 636
8 79 177
7 75 534
7 82 289
2 4 5
1 3 4
10 12 57
9 11 60
3 14 25
1 3 4
8 109 396
8 62 232
5 7 22
9 14 35
6 68 307
7 73 166
1 3 4
7 93 128
7 9 33
7 12 47
8 10 24
1 3 4
7 66 221
6 52 64
6 8 31
9 11 72
4 5 6
9 101 575
3 14 17
7 73 274
8 102 506
3 5 8
6 17 25
8 98 898
5 31 36
8 98 783
5 22 26
9 128 610
7 74 146
8 22 52
6 44 144
10 11 78
2 7 9
6 17 32
8 99 164
1 3 4
5 23 26
6 59 133
4 30 70
2 4 5
5 40 89
3 15 18
8 109 623
7 93 617
1 3 4
7 9 22
3 17 34
5 41 54
3 13 16
9 15 33
4 23 29
5 47 118
9 100 586
1 3 4
8 82 492
10 97 282
2 8 10
8 98 373
5 26 50
10 148 1100
6 8 12
8 98 171
6 68 185
2 4 5
10 20 59
8 71 300
5 47 109
6 41 44
6 43 49
2 4 6
6 48 159
10 157 1849
8 82 454
10 148 1755
9 111 597
5 47 60
4 10 14
1 3 4
9 29 98
1 3 4
5 15 23
3 13 16
7 49 148
4 21 38
2 7 9
1 3 4
1 3 4
9 155 3615
8 10 70
5 15 18
1 3 4
9 155 754
1 3 4
8 98 135
8 10 40
1 3 4
7 93 373
7 82 642
8 90 274
8 89 537
6 68 349
4 23 42
5 7 9
1 3 4
7 93 489
2 7 13
4 6 7
9 28 84
6 49 68
6 50 402
6 68 69
3 5 8
2 8 9
9 104 585
7 9 28
8 10 44
3 8 10
1 3 4
6 42 60
10 160 5866
8 19 86
4 10 15
2 7 11
9 141 850
5 40 88
5 36 98
6 34 73
8 71 221
8 91 767
6 55 163
4 14 17
2 7 9
6 43 130
6 59 248
9 96 633
3 17 28
2 4 5
6 53 128
3 13 21
7 42 111
6 68 288
6 51 64
7 93 192
10 97 561
7 9 15
1 3 4
2 4 5
9 155 1080
8 60 180
8 9 31
2 7 9
7 61 144
8 11 41
5 36 38
1 3 4
8 13 39
7 9 44
4 9 13
7 82 264
8 10 42
1 3 4
7 78 396
7 9 3
1 3 4
1 3 4
2 4 5
8 10 41
3 14 27
3 17 27
10 163 1684
9 128 817
3 8 13
6 68 115
6 34 102
8 95 341
1 3 4
9 76 107
9 140 1541
8 89 454
7 83 427
2 4 6
8 89 686
8 100 142
2 7 9
10 175 2425
9 11 39
6 17 25
9 11 72
9 14 34
8 122 558
1 3 4
9 51 151
2 4 5
1 3 4
4 30 85
8 122 1041
7 82 217
7 93 478
4 9 11
8 10 38
1 3 4
2 7 9
9 110 567
4 6 7
6 21 46
3 13 16
1 3 4
1 3 4
5 15 18
8 62 293
1 3 4
6 43 118
6 45 62
5 10 12
8 109 674
8 109 671
3 14 25
3 17 46
4 22 68
2 4 5
6 59 61
6 47 114
6 20 36
8 83 540
8 53 113
3 8 10
2 8 10
7 82 162
2 7 9
6 33 98
4 22 33
1 3 4
5 7 17
6 11 24
1 3 4
10 12 44
2 7 9
2 7 11
9 109 1085
8 122 777
3 15 18
7 59 196
6 59 186
6 59 105
7 93 154
10 20 94
10 31 157
2 7 9
6 8 19
1 3 4
8 83 178
9 127 456
2 7 9
5 47 218
1 3 4
9 83 284
1 3 4
4 25 54
6 43 134
9 60 246
7 9 14
9 155 1220
3 13 16
2 7 9
8 122 687
3 13 18
8 93 508
5 15 19
7 22 70
10 77 164
5 25 40
1 3 4
6 68 473
8 10 53
4 30 31
7 12 28
3 13 17
9 11 42
4 25 43
2 8 10
6 17 41
8 41 151
2 4 5
9 62 129
8 10 76
6 52 295
7 15 36
9 95 478
8 31 153
10 13 43
8 10 39
3 13 18
3 13 16
9 65 405
7 73 122
9 19 55
5 31 36
7 12 17
9 127 2005
8 122 2410
6 29 124
6 68 206
7 58 154
7 9 2
9 140 1108
8 10 22
9 15 22
5 7 12
6 68 250
6 8 17
6 68 128
1 3 4
2 7 9
1 3 4
6 47 97
9 19 86
6 55 100
1 3 4
5 41 115
2 4 5
2 7 9
5 7 15
9 69 189
3 8 12
7 83 691
9 72 846
4 6 10
2 7 9
10 47 128
7 35 225
8 89 149
2 7 9
3 13 16
8 13 36
9 141 871
9 21 118
6 8 13
10 160 976
7 9 26
2 4 5
10 116 354
6 68 175
5 31 36
1 3 4
10 157 1005
2 7 9
4 30 93
7 53 190
3 5 7
8 109 244
9 155 1649
6 68 111
7 73 317
7 51 284
10 160 1406
10 148 833
4 25 73
10 161 1607
1 3 4
7 58 77
9 15 83
5 47 145
5 32 44
7 17 20
10 12 53
7 93 756
9 155 897
10 160 1847
8 80 454
8 42 172
8 84 208
10 175 1161
4 14 19
9 11 80
2 8 12
10 12 44
7 9 39
10 13 107
1 3 4
8 10 100
5 10 24
4 21 61
7 73 80
4 14 17
7 18 50
8 10 29
8 122 564
6 68 109
1 3 4
7 24 55
6 56 84
1 3 4
6 7 14
4 25 61
1 3 4
2 7 9
7 93 525
8 55 83
9 12 118
1 3 4
1 3 4
9 117 619
7 9 50
1 3 4
2 4 5
7 13 46
6 59 157
1 3 4
7 9 69
10 12 155
2 7 9
4 25 47
2 7 9
8 10 55
10 175 9025
9 11 105
2 7 9
9 11 113
7 9 30
1 3 4
1 3 4
7 93 1610
4 30 92
9 11 95
1 3 4
9 10 170
2 7 9
9 14 121
9 11 58
1 3 4
9 11 82
9 11 202
8 11 46
3 9 11
8 10 2
1 3 4
4 30 53
10 15 272
1 3 4
9 11 74
1 3 4
1 3 4
4 9 12
8 10 86
1 3 4
9 11 98
3 9 14
1 3 4
2 7 9
9 10 43
1 3 4
8 10 59
9 11 91
8 10 65
9 11 76
1 3 4
10 12 143
1 3 4
9 11 148
5 31 70
1 3 4
10 45 229
1 3 4
1 3 4
1 3 4
8 10 55
4 21 25
9 47 208
1 3 4
2 4 5
2 7 11
1 3 4
10 20 76
10 25 147
7 73 247
9 14 84
1 3 4
8 13 3
1 3 4
2 7 11
3 13 28
3 13 16
2 4 5
9 155 857
4 30 40
3 5 7
10 12 113
3 14 21
5 36 69
1 3 4
9 26 102
1 3 4
1 3 4
10 70 425
9 11 94
2 4 5
8 10 2
5 30 98
1 3 4
1 3 4
1 3 4
7 8 23
4 22 43
2 7 9
8 10 66
1 3 4
3 13 16
1 3 4
1 3 4
1 3 4
8 10 65
1 3 4
1 3 4
1 3 4
1 3 4
1 3 4
5 36 71
1 3 4
2 4 5
8 10 51
3 5 7
9 11 180
1 3 4
1 3 4
9 11 100
1 3 4
6 8 23
9 11 80
7 80 749
1 3 4
1 3 4
6 48 73
2 7 9
1 3 4
1 3 4
1 3 4
4 21 25
9 12 157
10 17 126
2 7 9
10 12 138
9 11 225
1 3 4
5 7 11
2 8 12
9 11 135
9 11 98
3 13 16
7 67 442
1 3 4
2 7 9
2 4 5
2 7 9
3 17 20
1 3 4
1 3 4
8 10 98
8 10 43
2 7 9
1 3 4
3 13 16
1 3 4
2 8 12
3 13 16
1 3 4
1 3 4
1 3 4
10 40 183
1 3 4
7 9 41
7 19 41
7 73 215
7 33 76
2 7 9
1 3 4
10 40 253
1 3 4
4 23 43
1 3 4
9 11 185
3 14 19
1 3 4
1 3 4
1 3 4
4 10 17
2 7 9
3 14 17
9 14 145
8 10 37
3 17 31
1 3 4
4 21 30
4 21 25
5 6 8
7 14 61
8 9 50
7 93 451
2 7 9
1 3 4
1 3 4
7 93 306
9 155 5277
3 15 19
1 3 4
4 25 49
1 3 4
1 3 4
4 9 11
8 10 88
9 11 53
10 15 73
5 47 56
2 7 9
1 3 4
3 14 16
9 11 2
2 4 5
8 18 49
5 23 54
7 9 43
1 3 4
4 26 35
3 13 18
3 13 16
8 10 73
1 3 4
1 3 4
7 12 36
2 7 9
9 14 117
2 4 5
1 3 4
4 15 36
7 9 55
1 3 4
10 20 173
4 22 35
1 3 4
1 3 4
9 14 184
1 3 4
7 9 54
1 3 4
1 3 4
3 7 11
5 23 27
10 51 200
1 3 4
3 14 22
3 17 34
3 8 10
5 47 78
2 7 9
7 9 53
3 14 16
2 8 9
1 3 4
3 8 12
1 3 4
1 3 4
1 3 4
2 7 9
8 10 101
1 3 4
1 3 4
1 3 4
1 3 4
2 4 5
8 10 58
7 82 165
7 46 105
6 8 29
1 3 4
4 23 35
1 3 4
1 3 4
1 3 4
7 9 53
2 7 9
1 3 4
8 10 94
5 40 75
8 18 96
1 3 4
4 30 51
1 3 4
2 7 9
6 8 16
3 5 6
1 3 4
3 17 35
10 12 141
1 3 4
4 21 30
4 30 31
5 32 36
7 17 84
6 8 30
1 3 4
9 10 42
8 9 45
1 3 4
2 7 9
6 8 11
7 9 52
1 3 4
5 23 33
7 46 68
7 9 68
1 3 4
1 3 4
7 18 62
1 3 4
1 3 4
1 3 4
1 3 4
1 3 4
9 16 148
6 59 129
7 9 42
1 3 4
10 12 161
1 3 4
1 3 4
2 7 9
1 3 4
1 3 4
8 10 101
2 7 9
1 3 4
9 11 74
1 3 4
5 47 223
5 32 52
1 3 4
8 10 57
5 7 20
8 10 66
1 3 4
1 3 4
1 3 4
1 3 4
1 3 4
2 7 9
1 3 4
5 39 173
3 8 10
10 46 136
1 3 4
10 16 157
6 68 338
3 17 18
1 3 4
6 8 10
1 3 4
9 140 1436
8 82 160
9 12 66
3 15 18
1 3 4
9 9 52
1 3 4
3 13 32
7 17 27
9 11 67
3 8 12
1 3 4
2 8 10
2 7 9
10 13 247
1 3 4
8 10 65
3 14 29
7 67 367
2 7 9
7 49 142
2 7 9
3 5 6
2 7 9
10 40 260
5 35 68
5 47 69
9 11 127
8 10 82
8 10 45
4 30 52
1 3 4
1 3 4
1 3 4
5 8 17
2 4 6
1 3 4
5 40 179
8 10 74
1 3 4
1 3 4
6 68 172
6 8 47
1 3 4
1 3 4
4 30 46
6 44 91
6 12 19
1 3 4
2 7 9
4 21 26
8 10 68
10 20 174
2 8 10
4 21 25
9 14 101
2 4 5
7 9 2
8 10 67
4 21 25
1 3 4
1 3 4
1 3 4
9 11 92
7 10 17
3 13 16
1 3 4
3 13 16
4 6 7
1 3 4
1 3 4
10 13 67
2 7 11
4 22 25
8 10 62
7 69 141
3 5 6
1 3 4
1 3 4
2 7 9
7 82 183
1 3 4
9 11 131
8 10 88
1 3 4
2 7 13
9 14 90
5 47 166
2 7 9
1 3 4
1 3 4
1 3 4
4 9 12
1 3 4
2 7 9
9 11 48
4 14 19
9 11 287
1 3 4
4 14 17
7 9 2
4 13 19
1 3 4
10 12 102
1 3 4
8 10 56
4 6 10
10 15 90
2 7 9
8 9 59
1 3 4
7 75 116
1 3 4
9 11 73
7 8 31
9 14 78
6 16 33
8 11 80
1 3 4
9 14 86
7 82 220
3 13 16
9 12 83
7 74 107
3 17 24
9 11 59
2 7 9
1 3 4
9 15 122
3 10 11
2 4 5
10 63 256
2 7 9
1 3 4
4 9 11
2 7 9
2 7 9
9 11 77
1 3 4
6 68 266
1 3 4
1 3 4
7 46 123
3 13 16
1 3 4
9 54 236
1 3 4
1 3 4
1 3 4
5 7 12
4 22 26
1 3 4
7 82 574
1 3 4
7 9 37
6 68 221
6 8 2
9 14 147
9 11 57
1 3 4
1 3 4
2 8 13
3 13 16
9 12 59
1 3 4
1 3 4
2 7 9
1 3 4
9 11 118
1 3 4
1 3 4
8 10 85
2 7 9
5 40 60
7 93 510
9 14 107
1 3 4
8 26 74
2 7 9
10 13 106
1 3 4
2 7 9
8 13 42
2 4 5
9 15 73
2 7 9
9 11 116
1 3 4
1 3 4
7 9 53
2 5 6
7 61 68
3 5 6
6 59 220
5 35 46
1 3 4
1 3 4
9 14 153
1 3 4
2 8 9
2 8 9
1 3 4
2 4 5
1 3 4
1 3 4
8 10 49
9 110 963
10 12 140
2 4 5
8 10 59
1 3 4
1 3 4
1 3 4
2 4 5
4 25 52
1 3 4
1 3 4
9 20 108
6 16 27
4 14 17
2 7 9
7 9 41
7 17 53
1 3 4
2 7 9
1 3 4
3 5 8
3 5 6
2 4 5
9 11 104
6 11 43
2 7 9
3 5 6
8 10 60
1 3 4
4 22 25
8 10 48
7 93 1368
8 10 74
7 93 439
9 11 76
9 11 154
1 3 4
2 4 5
9 11 96
1 3 4
4 6 9
1 3 4
8 10 104
1 3 4
7 70 522
3 13 16
1 3 4
2 7 9
1 3 4
7 9 42
10 14 46
1 3 4
1 3 4
1 3 4
1 3 4
1 3 4
1 3 4
10 13 108
1 3 4
10 13 107
9 11 114
1 3 4
1 3 4
1 3 4
10 12 207
1 3 4
9 11 72
2 8 10
1 3 4
3 17 33
4 26 50
1 3 4
1 3 4
10 15 158
1 3 4
1 3 4
1 3 4
2 4 5
1 3 4
8 20 61
1 3 4
8 9 29
1 3 4
1 3 4
9 20 73
6 59 104
8 10 90
4 16 25
2 4 5
1 3 4
6 48 135
4 6 7
3 5 6
2 8 9
2 7 9
1 3 4
6 44 142
2 7 9
8 10 72
8 13 53
2 7 9
2 4 5
8 10 43
1 3 4
3 15 18
3 13 16
3 13 16
4 30 86
4 22 32
3 13 16
2 8 9
5 47 159
3 14 19
10 12 131
1 3 4
9 11 94
1 3 4
1 3 4
8 77 368
1 3 4
4 6 10
5 33 38
2 7 9
9 14 78
1 3 4
1 3 4
3 5 9
9 19 88
2 4 5
10 15 176
10 12 141
1 3 4
6 32 40
9 11 65
9 11 81
5 34 105
4 14 17
1 3 4
10 15 280
1 3 4
9 14 3
3 13 17
1 3 4
1 3 4
9 10 236
3 17 18
1 3 4
9 11 168
2 7 9
2 8 14
7 93 734
2 8 12
2 4 5
3 13 18
4 9 11
1 3 4
9 14 84
2 7 9
5 10 12
9 11 68
1 3 4
8 95 394
1 3 4
3 14 19
2 4 5
6 59 105
1 3 4
1 3 4
5 38 85
7 93 1738
7 9 57
9 11 157
2 7 9
1 3 4
7 17 49
7 73 168
2 7 9
1 3 4
9 14 124
9 11 207
1 3 4
6 48 159
1 3 4
7 17 26
1 3 4
8 10 24
2 7 9
7 50 191
3 13 16
8 10 72
5 11 12
2 7 9
9 11 170
8 75 161
1 3 4
9 11 137
1 3 4
8 10 57
7 17 27
5 23 35
1 3 4
2 7 9
1 3 4
5 31 38
1 3 4
6 8 18
4 21 25
10 21 152
6 8 34
10 12 108
2 7 9
8 9 55
9 19 174
1 3 4
8 10 84
10 12 123
1 3 4
4 10 18
3 13 16
4 25 28
1 3 4
7 70 606
8 10 105
8 14 112
1 3 4
2 8 12
10 143 1979
9 11 157
1 3 4
2 7 9
2 8 14
4 23 25
4 25 39
3 5 7
3 13 16
2 7 9
9 60 144
9 11 79
3 14 16
1 3 4
7 9 28
1 3 4
3 8 10
2 4 5
1 3 4
1 3 4
1 3 4
3 14 19
1 3 4
1 3 4
2 7 9
1 3 4
1 3 4
10 11 55
1 3 4
9 11 109
1 3 4
7 13 43
7 93 1427
1 3 4
3 17 19
6 9 2
1 3 4
1 3 4
10 12 154
8 11 38
5 35 71
2 7 9
2 7 9
8 10 184
1 3 4
5 7 25
1 3 4
8 10 69
2 8 12
1 3 4
2 7 9
1 3 4
1 3 4
4 21 25
1 3 4
9 15 148
9 55 200
7 21 57
1 3 4
6 44 150
2 8 14
7 82 359
9 14 136
1 3 4
1 3 4
10 16 53
8 10 44
9 20 178
7 8 28
1 3 4
4 14 17
1 3 4
1 3 4
1 3 4
1 3 4
1 3 4
5 7 17
6 8 31
3 14 26
9 11 143
5 47 252
10 16 168
1 3 4
1 3 4
6 8 12
1 3 4
5 31 36
10 13 258
10 12 150
1 3 4
1 3 4
1 3 4
1 3 4
6 45 198
7 9 45
2 7 9
10 13 203
3 17 18
1 3 4
9 16 3
1 3 4
7 66 434
7 18 105
6 8 23
2 4 6
2 7 9
3 14 16
10 13 92
10 25 166
4 22 25
7 9 28
4 25 27
1 3 4
1 3 4
4 22 25
2 7 9
2 4 5
5 15 18
10 12 84
6 17 19
6 47 71
1 3 4
4 13 16
1 3 4
1 3 4
1 3 4
9 11 135
1 3 4
9 11 77
2 7 9
1 3 4
5 40 60
8 14 57
2 7 9
10 20 126
1 3 4
2 4 5
2 7 9
3 13 16
5 32 36
10 13 113
4 30 31
1 3 4
1 3 4
10 13 139
8 91 489
3 9 11
10 97 873
9 12 79
1 3 4
2 7 9
5 40 74
10 36 103
1 3 4
5 33 53
2 7 9
8 10 86
8 122 2214
1 3 4
1 3 4
1 3 4
8 10 78
1 3 4
1 3 4
4 22 48
1 3 4
10 28 200
1 3 4
3 13 16
1 3 4
9 11 84
2 7 9
2 4 5
1 3 4
1 3 4
1 3 4
2 4 5
5 47 48
10 80 434
2 8 12
9 11 140
3 5 9
4 21 25
5 33 38
1 3 4
2 7 9
9 11 92
2 8 10
2 7 9
1 3 4
8 10 89
4 16 20
3 5 6
1 3 4
9 11 60
1 3 4
9 11 81
1 3 4
2 7 9
8 10 46
1 3 4
7 93 313
8 50 181
7 17 62
10 13 81
9 11 184
1 3 4
10 18 63
10 12 74
1 3 4
9 11 90
