SUBA Dimension, Minimized Dimension
2 4
9 96
7 9
2 7
4 14
6 46
6 47
2 6
8 75
9 112
9 111
4 6
7 93
4 25
6 33
9 36
4 30
5 7
5 37
5 41
4 30
5 21
4 6
8 109
7 93
4 9
4 13
7 42
2 7
8 81
6 52
9 127
7 47
5 32
7 20
2 4
5 32
8 98
5 7
2 7
8 78
9 127
6 47
4 22
9 109
7 62
6 59
7 68
5 30
4 25
5 26
5 47
7 67
10 78
2 7
4 22
2 7
5 24
8 14
6 43
7 9
5 40
7 9
3 13
6 34
6 43
7 50
8 99
4 23
7 17
4 30
6 44
8 99
4 21
9 88
8 89
3 17
6 59
3 13
9 107
6 44
6 37
5 10
8 122
7 83
5 15
8 74
7 12
3 9
3 13
7 35
6 45
2 4
7 59
7 73
6 27
3 13
7 55
10 97
3 15
5 23
6 8
7 58
8 75
6 45
5 36
3 14
7 39
7 82
2 7
3 10
6 53
6 33
8 82
3 9
5 7
5 23
5 33
6 53
6 52
7 73
3 7
9 107
7 93
8 13
7 58
4 6
6 60
7 61
9 109
7 83
1 3
1 3
6 68
5 47
3 15
5 32
9 94
7 73
7 61
7 61
5 21
5 26
4 7
8 77
2 8
5 35
5 40
5 14
6 34
7 66
3 13
3 13
4 10
7 48
6 24
9 140
7 93
7 62
6 56
6 48
4 21
6 68
7 82
1 3
7 73
2 8
6 59
7 47
2 7
7 73
1 3
5 36
8 89
2 4
6 53
10 127
7 73
7 54
7 58
8 82
1 3
8 74
5 34
6 68
7 73
1 3
8 93
7 60
3 5
2 7
4 30
5 40
3 8
4 9
1 3
4 25
6 48
6 46
7 93
5 28
7 62
5 31
1 3
8 13
2 4
7 54
5 10
2 4
7 58
8 89
8 74
5 10
7 9
9 97
5 47
7 93
4 13
5 35
8 74
5 24
7 49
7 9
6 68
7 57
6 12
7 46
8 62
1 3
8 91
8 90
3 8
3 9
8 83
8 98
7 82
7 54
1 3
9 108
7 83
6 55
4 21
7 93
8 84
9 42
2 8
3 13
2 4
9 98
6 59
5 40
2 7
8 64
9 101
8 84
5 41
5 32
9 128
9 85
6 8
9 93
2 7
4 6
8 74
2 4
7 73
1 3
8 78
6 59
7 38
6 52
5 28
7 93
7 58
6 59
5 15
6 44
7 82
5 23
2 7
2 8
5 19
4 21
6 11
9 111
5 47
5 40
6 11
3 10
6 8
5 35
4 22
5 35
7 57
7 66
7 68
3 14
3 13
4 14
2 7
9 94
2 4
6 32
5 23
7 82
8 75
4 14
5 23
8 109
6 68
8 109
2 8
6 68
9 127
7 48
9 108
8 98
4 6
6 35
7 82
2 5
2 7
4 21
7 38
5 33
4 6
2 7
8 100
2 4
3 8
8 83
3 6
9 12
8 74
7 70
3 12
4 21
8 83
10 118
5 19
8 90
5 35
7 61
7 83
4 30
8 75
8 93
6 59
7 33
6 42
6 68
1 3
8 82
6 59
8 122
4 6
5 11
7 73
8 63
7 70
8 77
4 22
8 83
4 25
7 58
8 67
3 5
5 10
3 8
5 7
6 40
1 3
6 43
8 58
6 56
8 75
2 4
5 31
8 110
5 31
7 82
9 39
5 15
7 28
8 122
1 3
10 101
8 90
5 36
2 4
3 13
7 24
3 5
4 30
7 93
7 57
7 82
5 36
9 116
9 100
6 59
5 47
7 82
3 13
3 8
6 56
7 48
7 74
6 45
8 82
8 79
3 5
4 25
5 26
10 13
9 14
4 13
10 160
3 5
8 98
6 12
7 17
2 4
5 47
7 67
3 13
7 66
4 21
5 35
7 16
3 14
9 140
5 15
7 56
7 73
1 3
8 109
4 25
8 99
3 13
2 7
2 7
8 98
7 83
7 82
3 9
5 40
6 50
3 8
8 99
2 7
8 93
5 32
7 24
2 7
5 40
2 7
7 59
3 13
5 40
2 8
7 61
5 24
1 3
3 17
4 14
5 22
2 4
7 63
1 3
9 92
6 45
9 102
7 73
6 53
7 66
6 45
6 44
6 47
10 65
7 59
3 13
7 73
7 61
6 32
6 51
1 3
4 6
9 18
2 7
6 48
7 67
3 13
3 5
7 67
8 71
6 45
4 25
2 7
2 7
9 107
1 3
8 99
9 116
7 82
2 7
2 4
8 109
3 13
9 99
7 73
7 59
6 48
3 13
9 91
1 3
6 32
4 13
6 60
6 17
3 13
8 109
2 7
2 4
5 35
4 6
5 32
7 74
7 33
6 59
5 7
8 109
6 56
2 7
3 17
9 39
8 83
1 3
6 52
1 3
8 78
5 31
4 30
6 33
8 74
4 21
5 22
2 7
8 19
3 14
5 47
4 22
6 39
8 85
8 105
8 122
7 66
6 68
9 101
1 3
1 3
8 98
5 47
2 4
8 109
5 35
10 117
2 7
8 77
3 13
9 96
7 62
9 99
8 73
6 52
3 13
7 54
7 70
8 29
7 49
8 74
8 109
7 10
1 3
8 98
9 27
6 68
8 89
8 109
6 59
7 37
6 55
4 22
8 109
6 42
9 116
9 76
4 25
6 59
6 45
7 61
7 93
1 3
6 18
8 89
6 59
3 8
9 14
3 8
7 93
7 67
7 8
1 3
8 82
7 73
6 48
7 59
5 40
9 140
1 3
8 25
7 57
7 70
6 8
3 17
6 68
9 100
6 48
8 73
7 47
8 90
9 140
4 25
6 8
10 125
4 21
5 31
6 34
6 59
8 109
7 44
6 52
5 32
5 7
3 14
8 94
6 11
7 82
9 140
9 101
1 3
7 74
2 4
3 5
6 37
6 44
5 7
5 33
6 44
10 125
7 82
7 82
10 12
8 109
7 35
8 122
3 9
8 19
6 49
10 160
3 13
7 82
8 73
5 31
5 40
7 22
5 32
7 73
1 3
1 3
4 22
1 3
6 68
7 33
7 29
6 68
7 58
3 13
9 140
8 74
8 66
6 8
6 45
5 41
6 59
1 3
4 10
5 47
9 100
8 84
7 54
6 68
7 83
1 3
4 25
9 73
6 59
4 6
3 9
7 54
6 43
8 78
6 59
8 90
6 43
8 109
5 40
6 59
2 7
9 116
6 68
7 45
5 36
4 26
5 23
5 8
7 10
7 67
3 17
8 73
7 48
7 82
5 38
5 39
7 93
6 53
7 48
7 33
1 3
3 13
3 17
4 6
6 53
7 12
2 4
5 40
6 44
10 113
4 6
6 44
3 5
7 58
6 16
7 82
2 4
7 60
7 58
6 45
4 30
6 44
4 21
8 89
8 79
5 7
9 96
3 5
8 39
1 3
9 96
6 59
6 56
7 50
5 47
10 128
2 7
9 127
8 35
5 33
8 74
1 3
3 13
7 67
1 3
7 82
6 43
3 13
2 8
8 122
8 78
7 62
2 8
4 24
6 47
6 44
4 6
1 3
7 73
1 3
7 54
7 75
3 15
5 34
5 47
3 17
8 109
7 74
1 3
1 3
1 3
6 59
5 40
8 10
5 10
4 23
7 73
7 68
7 93
3 13
6 45
6 47
6 52
2 7
1 3
7 62
5 27
4 22
6 47
8 98
4 25
7 68
4 25
6 47
7 67
9 48
8 74
4 17
7 93
6 47
9 26
9 127
7 58
3 9
8 91
8 35
7 60
6 53
7 30
8 79
6 41
8 122
9 78
7 41
5 40
8 55
3 8
8 90
7 57
7 73
5 10
9 120
6 38
2 8
4 21
5 32
7 31
8 98
7 69
6 68
4 25
5 40
7 73
3 15
5 7
6 45
8 78
9 99
4 21
9 140
9 116
8 87
6 33
6 23
2 7
6 41
9 57
7 61
4 15
2 7
7 82
2 4
7 58
8 122
6 68
7 82
3 17
3 5
7 66
7 74
2 7
4 21
1 3
1 3
5 30
5 40
7 93
7 93
6 59
7 59
5 47
6 59
9 109
7 82
8 14
8 82
6 59
8 90
6 9
10 108
7 57
5 23
8 95
6 43
8 94
3 5
6 55
8 109
6 49
9 140
4 15
5 7
5 31
8 73
2 7
7 57
4 26
8 109
7 50
7 66
7 59
1 3
7 12
10 12
6 35
8 89
7 60
9 127
7 45
4 8
5 31
2 7
2 7
7 66
2 7
3 14
8 122
8 54
4 15
3 14
4 6
8 63
6 52
7 93
7 64
6 59
7 53
7 9
9 140
9 118
7 9
1 3
3 14
2 7
7 59
7 84
4 21
5 32
9 127
1 3
7 53
8 58
4 21
1 3
2 4
6 68
8 109
7 62
6 52
6 68
7 12
4 6
8 50
5 40
8 98
1 3
6 68
7 9
6 43
3 15
1 3
9 124
5 47
5 7
7 73
6 41
6 53
8 89
8 99
8 10
7 61
5 36
1 3
9 101
9 96
8 77
4 9
3 13
7 73
3 13
7 59
5 47
8 90
6 30
2 7
1 3
9 117
2 7
3 8
6 36
9 99
8 10
4 24
2 4
7 93
8 50
3 13
5 31
1 3
7 44
4 15
2 4
7 93
6 29
9 97
8 99
7 17
9 33
8 37
8 109
8 98
8 122
8 47
7 13
5 40
4 18
6 68
7 34
5 31
7 74
5 17
8 109
5 40
8 77
9 117
5 25
1 3
9 140
8 109
1 3
8 68
6 47
8 77
6 52
1 3
7 74
3 13
4 6
4 25
7 50
9 127
8 89
4 30
8 98
5 27
4 15
3 17
6 68
6 9
8 34
8 74
7 73
7 93
9 127
5 37
6 68
8 49
9 91
7 93
4 7
4 9
3 14
2 4
7 17
8 79
8 98
6 68
6 59
1 3
3 5
6 8
4 23
8 69
2 7
3 13
1 3
9 110
6 47
1 3
8 82
7 59
7 77
2 4
8 30
8 109
3 5
2 4
6 28
8 10
7 82
8 122
8 10
5 22
7 82
7 17
7 77
9 140
6 68
4 21
9 62
8 10
7 12
3 13
7 82
4 25
3 13
6 16
1 3
9 120
6 52
8 122
7 82
4 26
1 3
8 35
5 35
4 22
8 82
6 68
8 91
4 22
3 13
9 108
7 74
9 101
3 8
2 7
6 40
4 6
8 74
2 4
9 127
2 4
5 11
2 4
7 61
8 98
5 41
6 23
9 77
6 28
5 23
4 9
4 21
6 7
5 47
7 67
6 59
4 25
6 52
4 15
6 33
6 44
3 17
8 98
1 3
4 6
9 91
9 128
7 57
7 53
5 23
8 84
10 107
6 68
9 107
6 44
7 70
8 98
2 7
8 98
7 93
1 3
7 58
6 68
6 59
7 82
8 25
2 8
8 98
3 14
3 13
1 3
6 34
5 15
7 70
7 59
8 82
8 51
9 99
2 8
6 33
1 3
5 33
8 90
6 12
6 49
7 44
2 4
9 101
6 32
6 68
9 110
2 7
9 111
6 59
6 59
8 84
4 21
6 41
6 33
4 22
7 63
6 43
9 98
3 13
7 61
8 109
6 43
7 69
8 10
7 9
6 59
1 3
9 116
4 21
7 73
5 32
8 83
7 66
9 102
7 24
2 7
3 14
4 15
8 10
5 7
5 31
8 109
6 59
7 66
7 12
8 10
2 4
8 102
9 93
9 91
8 98
10 160
7 62
8 122
7 9
6 38
2 7
9 117
5 31
9 96
3 13
4 21
7 67
6 49
5 41
6 49
7 13
3 14
7 12
5 47
4 22
6 52
8 84
2 7
5 32
6 59
6 52
2 4
8 122
1 3
6 8
5 7
7 66
10 112
3 13
8 122
5 9
2 7
6 53
7 82
5 31
2 7
7 82
1 3
5 47
3 14
6 48
5 32
7 60
8 82
5 33
6 53
9 81
8 75
2 5
5 23
5 25
4 18
10 136
8 78
2 7
5 31
3 8
3 13
8 89
6 17
8 71
1 3
2 4
8 98
9 117
7 82
3 13
6 59
4 25
8 70
5 28
7 38
2 4
9 24
7 82
6 36
8 109
7 57
6 49
2 8
4 22
8 85
8 86
9 100
5 15
5 31
4 23
6 33
2 7
1 3
4 25
4 25
7 93
9 100
6 68
3 9
5 31
9 108
4 26
7 83
8 98
2 4
7 25
6 11
1 3
8 122
3 13
8 91
9 95
1 3
1 3
9 117
4 25
1 3
1 3
7 21
7 9
2 7
1 3
9 95
7 58
2 4
6 32
5 10
6 11
8 98
3 17
2 4
5 35
5 36
5 41
3 13
8 91
7 57
6 45
9 89
6 59
6 68
6 48
6 9
3 7
5 31
8 13
2 4
5 25
8 71
3 9
5 41
1 3
5 40
8 86
3 13
1 3
1 3
6 68
8 89
8 10
1 3
5 7
5 40
5 35
5 40
6 48
7 52
8 122
4 10
9 128
3 8
4 21
5 39
1 3
1 3
3 5
9 108
7 82
2 7
8 75
4 21
2 7
5 23
4 16
7 82
7 66
4 11
6 35
7 82
6 52
3 13
4 21
5 32
1 3
8 65
4 15
2 7
10 48
9 105
6 52
5 10
3 14
2 7
8 82
2 4
4 25
3 13
5 35
7 62
8 99
7 63
4 10
8 122
1 3
8 75
8 70
6 68
3 13
4 6
8 122
6 47
4 14
8 98
1 3
7 67
7 70
4 21
6 49
7 58
7 48
8 77
5 47
2 8
3 9
7 57
6 47
5 22
9 103
7 59
5 34
7 66
2 4
2 7
6 44
3 13
8 83
8 109
8 13
7 48
4 21
8 109
2 4
3 13
7 93
7 66
4 15
6 8
5 36
8 74
8 76
6 59
6 40
7 8
6 41
8 89
8 89
6 44
6 52
1 3
9 116
8 75
8 84
6 43
1 3
4 6
4 10
7 82
4 9
8 99
2 7
7 52
5 41
8 83
3 13
7 67
6 46
5 6
2 7
6 68
9 140
4 15
4 30
6 23
5 47
9 95
6 8
5 26
5 32
8 73
5 35
7 93
2 7
7 93
5 41
2 7
8 22
4 30
5 31
1 3
6 68
6 68
5 31
3 5
4 25
9 61
8 83
4 10
4 30
8 84
2 4
1 3
5 40
10 57
10 129
7 61
5 32
1 3
8 98
7 14
6 25
9 140
6 16
2 7
8 46
2 8
9 116
9 109
9 80
1 3
8 98
6 68
4 21
4 25
3 13
7 61
7 75
9 96
2 7
3 5
6 29
6 45
5 47
2 4
4 22
4 30
5 10
7 33
7 82
6 8
8 109
8 122
2 4
4 22
1 3
8 38
3 7
5 36
6 44
1 3
5 32
5 35
9 99
6 47
5 36
5 16
3 17
7 54
9 84
7 57
1 3
5 15
3 5
3 13
7 59
6 8
2 7
5 31
6 16
3 13
8 89
5 47
7 82
2 4
6 33
3 7
10 127
8 83
7 12
9 103
7 66
6 45
6 68
7 73
2 7
6 53
5 40
2 4
6 68
7 54
7 93
2 7
1 3
3 13
9 101
5 33
6 16
4 14
6 59
4 22
7 44
10 86
2 4
4 21
6 19
6 68
2 8
5 16
4 10
7 67
5 18
5 23
6 52
7 93
7 58
9 94
2 5
7 45
7 77
7 69
7 59
6 68
2 8
3 5
4 26
2 8
6 37
7 38
7 61
7 42
6 44
9 100
3 13
9 140
7 64
3 5
4 30
8 75
4 22
7 74
7 60
7 43
5 47
9 140
7 93
6 59
9 73
6 32
5 10
10 21
4 25
5 10
5 36
6 47
8 91
4 21
9 109
7 68
2 7
8 89
3 17
6 59
6 68
8 52
1 3
10 102
6 44
7 39
4 22
5 31
2 7
2 7
4 21
7 93
8 89
9 101
3 14
2 7
6 44
4 22
9 95
1 3
8 79
6 59
5 11
3 15
7 73
7 60
8 74
4 23
5 7
9 15
7 78
8 94
7 59
8 86
7 66
10 122
7 13
5 35
7 66
8 76
1 3
7 93
4 30
5 36
6 43
6 68
7 61
7 73
8 93
8 68
9 84
8 83
6 17
7 32
8 34
4 10
6 52
8 75
5 40
4 30
5 10
7 12
9 108
6 36
1 3
5 40
7 58
8 78
7 93
9 129
8 58
5 17
6 41
5 31
3 13
8 51
7 82
8 82
2 8
9 99
8 92
9 124
8 41
4 23
3 8
4 15
5 31
4 14
6 45
4 21
4 9
7 74
9 140
7 93
3 5
1 3
1 3
4 9
4 21
1 3
4 9
8 78
8 95
7 33
1 3
7 74
5 32
5 40
6 23
6 68
9 100
7 67
6 12
8 89
5 35
6 42
1 3
7 93
7 50
7 93
7 66
2 5
5 32
3 5
7 63
4 22
6 48
4 21
6 60
7 73
5 36
8 89
2 4
7 74
3 13
2 4
6 68
6 47
9 79
7 70
8 85
5 31
7 58
2 4
8 82
4 21
6 68
8 91
8 89
4 22
3 14
6 48
2 7
8 28
1 3
7 63
3 13
8 98
4 21
8 54
8 10
2 7
8 13
4 11
8 66
4 21
6 68
7 49
6 60
2 4
5 32
7 82
6 68
3 9
6 11
3 5
2 7
5 32
9 82
4 21
6 12
5 32
9 116
5 36
8 95
1 3
2 7
5 47
7 61
3 8
5 7
2 7
1 3
9 98
2 7
5 7
9 99
5 47
1 3
9 123
7 66
3 13
4 21
4 6
8 75
9 116
5 30
7 93
5 22
10 137
1 3
4 21
5 40
1 3
8 75
5 19
1 3
7 59
5 32
8 86
6 45
1 3
2 4
8 34
4 30
2 7
6 16
6 34
6 53
8 109
5 23
1 3
5 7
6 33
4 23
5 40
8 99
4 25
5 47
5 32
5 37
4 14
6 53
2 4
8 89
6 28
4 6
6 32
3 13
4 30
7 58
5 32
7 73
6 47
3 13
9 111
7 63
4 21
7 10
5 7
5 31
4 21
4 25
5 31
4 22
5 10
6 68
7 66
8 55
8 62
6 52
6 33
7 63
4 10
8 36
6 8
5 22
3 17
10 90
7 59
8 81
6 48
7 93
5 41
2 7
2 5
8 95
7 82
5 35
7 73
3 8
1 3
6 53
7 66
2 7
7 82
2 4
6 47
3 11
2 4
6 49
2 4
1 3
6 45
1 3
8 84
4 21
8 109
6 44
8 99
3 17
5 40
8 82
1 3
9 92
6 8
6 52
4 22
8 122
2 7
2 7
1 3
8 89
8 89
4 23
3 6
2 7
3 5
4 22
7 93
7 66
3 5
8 48
1 3
3 13
5 47
1 3
7 46
1 3
8 60
4 15
5 35
5 47
8 98
7 71
4 6
5 47
6 49
6 59
7 39
5 38
7 28
8 78
8 98
6 34
4 26
5 47
8 83
2 4
5 32
7 67
3 13
7 62
2 7
3 14
7 9
7 93
8 98
6 44
6 59
8 91
8 93
5 35
6 68
2 5
2 4
7 59
2 4
1 3
3 15
7 93
5 7
2 7
8 78
6 68
2 8
10 148
4 26
8 122
6 60
9 117
8 109
5 32
9 91
4 15
2 7
6 59
6 59
8 89
7 62
2 4
6 8
7 70
5 31
8 14
7 68
7 57
6 68
1 3
5 31
5 31
9 108
7 58
7 16
3 13
4 6
8 73
8 74
1 3
3 13
6 53
8 34
5 36
2 4
7 33
7 73
7 47
2 7
8 109
5 34
3 8
5 41
3 8
10 119
6 59
5 32
7 82
9 128
7 21
6 44
8 89
1 3
3 8
8 75
8 74
1 3
6 48
3 13
7 57
9 127
4 21
5 41
7 93
1 3
8 109
7 80
8 82
6 52
3 13
9 140
7 66
9 109
4 10
6 59
7 9
2 4
7 74
2 4
6 52
2 7
1 3
3 13
6 68
5 40
4 25
8 40
4 9
6 45
7 66
7 54
5 20
6 48
4 26
7 67
5 31
7 93
5 31
2 4
9 89
4 10
3 13
6 43
9 11
6 8
5 35
8 99
7 83
7 67
3 17
9 116
6 53
8 89
8 109
9 140
3 13
3 8
7 82
4 21
7 38
6 68
8 122
3 9
5 47
2 7
7 57
9 47
5 31
6 31
9 79
4 30
6 8
9 116
7 9
5 32
5 35
5 16
5 7
7 65
5 32
8 105
6 35
5 14
7 19
8 10
7 74
5 16
8 84
3 8
3 17
4 6
2 7
3 13
6 23
4 30
8 82
7 93
5 22
6 45
6 52
5 40
7 93
7 66
8 82
5 31
9 93
8 76
6 59
6 59
8 83
6 23
6 59
3 13
9 83
7 82
8 74
4 15
8 109
8 89
8 89
6 25
4 16
5 32
6 12
4 21
8 82
5 31
8 90
1 3
8 73
9 140
1 3
8 60
6 68
8 90
4 21
7 42
4 22
2 4
3 5
8 122
5 6
2 7
7 59
9 127
5 31
1 3
1 3
6 59
7 67
8 14
2 7
4 6
9 85
9 86
6 59
8 60
8 44
3 13
9 82
8 122
9 78
8 99
4 23
3 13
4 9
9 123
4 14
8 90
6 48
8 79
3 13
4 10
7 73
8 64
2 4
6 44
8 33
6 42
5 10
3 5
6 68
7 93
8 82
7 66
3 8
9 11
8 59
5 35
9 96
6 33
8 76
7 34
2 4
4 21
9 140
9 102
6 28
6 12
6 48
6 47
3 8
6 68
9 83
7 43
4 30
7 66
10 36
3 13
2 7
10 80
8 98
5 15
5 31
4 22
1 3
9 117
6 37
8 47
4 30
8 89
3 6
9 95
9 140
7 49
1 3
8 98
5 47
8 83
6 48
7 82
5 35
5 39
7 68
3 5
9 124
2 7
3 9
9 63
4 30
1 3
9 79
8 80
6 55
4 21
8 75
5 31
6 59
4 21
4 15
8 99
4 30
2 7
8 109
6 37
9 117
6 47
8 98
3 13
6 59
7 58
4 23
8 93
6 8
3 5
5 32
6 48
4 16
6 27
1 3
5 31
8 83
5 47
2 7
6 57
3 5
6 52
3 14
5 10
7 75
1 3
7 74
6 11
2 7
10 36
3 17
4 9
6 43
5 40
5 41
6 68
5 35
5 36
3 13
7 58
9 27
7 93
7 74
1 3
8 77
5 47
8 18
5 36
5 22
7 93
7 21
5 22
2 4
7 58
9 24
9 81
3 17
3 17
4 30
4 25
2 7
1 3
2 4
7 67
8 109
9 102
7 9
8 50
5 32
4 22
2 4
6 30
4 21
1 3
7 93
8 89
5 35
8 78
7 73
6 13
6 8
7 62
1 3
5 7
8 109
3 15
9 92
2 7
2 7
7 32
1 3
7 83
8 29
6 68
6 37
7 59
3 14
9 55
9 74
3 17
7 70
4 30
1 3
5 22
7 43
3 14
7 57
9 79
6 56
5 40
8 83
2 4
5 34
3 13
5 7
7 58
7 93
3 13
7 82
8 59
6 44
7 93
7 82
5 23
7 73
7 59
5 32
1 3
8 74
7 73
6 32
7 82
1 3
2 4
7 63
5 10
7 82
8 74
7 83
7 58
1 3
7 82
5 35
7 66
7 73
4 23
4 18
8 54
9 107
1 3
5 31
7 13
5 21
5 40
8 10
6 68
7 58
7 62
7 61
9 140
8 74
3 17
1 3
5 31
5 40
4 21
2 7
5 15
6 47
8 91
8 93
1 3
5 31
2 8
4 22
1 3
8 83
6 68
8 83
1 3
4 26
4 13
8 71
7 33
8 19
6 37
3 13
4 25
7 44
9 101
8 99
9 84
8 78
5 32
7 78
1 3
2 4
9 109
4 16
6 8
7 58
6 42
5 32
2 6
9 127
4 6
5 35
8 110
8 89
8 60
6 43
6 47
6 29
6 60
7 50
1 3
5 7
4 30
2 7
1 3
1 3
5 32
8 62
6 52
6 68
7 58
8 98
5 32
6 45
4 16
6 44
9 116
2 4
7 43
8 82
5 31
3 17
3 15
1 3
1 3
7 62
4 6
5 22
6 33
8 122
5 31
8 86
3 5
3 17
5 47
9 111
1 3
7 61
7 93
9 116
6 44
9 109
8 69
3 17
7 93
7 17
2 4
1 3
5 35
2 7
9 101
6 46
4 25
8 26
6 48
5 40
4 25
7 66
8 109
4 26
8 81
7 28
7 82
6 45
5 34
3 8
6 11
8 122
7 25
3 13
3 15
1 3
9 116
6 8
8 87
6 21
2 4
5 15
5 23
1 3
2 8
6 68
5 27
8 74
8 109
6 52
9 140
4 7
4 30
6 52
7 82
8 83
8 89
7 62
9 110
5 35
8 98
9 93
1 3
5 7
1 3
5 47
7 67
2 4
3 6
2 8
9 116
8 60
7 93
3 13
6 11
7 57
1 3
4 30
4 9
5 41
2 7
4 21
5 40
5 47
9 14
4 6
8 76
6 8
4 22
7 73
7 13
10 109
4 6
8 94
1 3
4 10
9 111
5 21
6 45
6 68
4 22
8 94
3 14
9 124
8 109
8 70
7 59
4 16
5 31
8 34
8 46
7 61
7 63
2 7
8 74
7 67
8 84
6 11
4 10
8 82
9 117
7 82
7 66
3 13
8 109
6 43
3 13
2 7
3 14
6 52
8 109
5 32
7 93
4 21
3 14
9 96
2 7
7 68
8 122
2 4
7 73
2 4
2 8
8 52
7 82
7 46
7 70
4 15
9 96
4 30
6 41
5 40
1 3
6 48
8 77
4 30
2 7
5 32
7 82
8 18
1 3
7 66
6 43
5 35
7 47
3 8
7 24
9 117
8 83
5 36
1 3
9 116
2 4
5 35
6 23
4 30
8 122
4 21
2 7
3 14
6 43
7 62
9 102
5 30
9 79
6 68
5 32
8 75
3 13
6 59
8 109
6 48
2 4
2 4
6 60
6 52
9 99
7 33
8 79
4 25
3 8
6 52
5 12
4 25
2 8
5 16
7 82
6 7
3 14
9 102
9 85
7 50
6 68
7 82
6 68
5 17
8 73
7 58
6 47
7 58
7 82
6 53
7 74
2 7
7 60
9 93
2 7
6 32
8 91
1 3
8 122
8 122
7 59
7 31
6 59
6 47
9 96
5 47
6 44
6 32
2 4
7 58
6 44
8 48
4 23
5 27
8 67
4 30
9 80
7 82
4 26
3 14
1 3
1 3
4 30
4 10
7 62
7 93
8 79
10 97
5 32
4 21
2 4
1 3
7 26
5 7
9 108
5 47
3 5
4 22
9 56
6 68
1 3
5 47
7 83
6 35
5 35
5 10
2 7
2 7
4 25
8 82
4 21
5 24
1 3
7 48
3 13
5 34
4 21
8 73
7 73
4 18
8 59
1 3
7 61
3 5
1 3
7 73
2 5
7 32
1 3
9 55
9 140
8 82
8 89
7 67
9 12
7 73
8 122
6 48
3 8
7 70
7 46
3 9
3 13
2 7
10 51
3 14
7 57
10 129
7 36
4 22
5 10
6 44
7 59
2 8
3 5
1 3
8 89
6 68
7 70
2 7
7 93
5 19
6 23
8 89
5 18
3 8
9 100
6 53
8 89
5 30
5 32
7 74
5 23
8 98
5 10
8 38
5 33
3 13
8 10
4 11
7 48
6 47
3 14
8 83
2 7
5 47
4 14
8 95
7 59
5 40
7 73
9 101
8 98
7 17
4 20
4 30
8 35
6 18
7 9
7 12
9 116
5 20
9 140
6 68
7 57
6 47
5 40
6 43
7 58
8 79
5 40
8 91
9 110
9 99
5 33
2 7
6 35
7 82
2 7
8 95
1 3
4 13
8 65
5 40
6 47
6 68
9 128
7 74
8 84
8 67
2 7
7 74
8 73
1 3
2 7
7 12
6 52
3 5
6 8
7 93
9 128
8 84
7 48
9 101
4 21
3 8
6 47
8 70
8 122
8 78
7 93
6 44
2 7
7 58
8 74
2 4
5 47
7 74
8 78
5 47
5 24
10 20
7 47
9 76
7 74
7 29
9 96
2 5
7 59
5 10
5 23
3 8
2 7
7 18
7 43
3 15
7 73
8 73
5 36
8 98
5 16
5 33
6 59
9 99
7 46
4 30
10 77
4 9
2 8
8 99
6 59
7 73
2 7
5 32
5 15
8 35
7 58
8 74
2 4
8 74
4 9
5 47
9 91
3 5
2 7
5 32
8 63
7 73
2 7
3 14
7 73
6 43
2 7
3 13
8 109
1 3
5 7
8 61
9 140
8 75
2 4
3 15
7 73
2 4
4 25
7 73
5 22
8 93
6 57
3 17
9 36
6 68
7 93
8 74
5 6
7 60
7 73
9 12
8 77
5 40
1 3
8 109
6 43
6 59
6 32
8 99
7 93
8 82
8 54
9 128
7 54
7 82
6 52
2 4
8 90
6 56
8 77
6 8
8 109
2 7
2 6
3 5
7 61
8 98
7 57
2 7
10 21
10 108
7 49
9 99
5 32
5 40
7 73
6 60
3 14
8 98
7 93
7 93
5 7
5 35
5 22
9 79
5 36
1 3
7 62
9 76
9 77
6 44
4 30
6 60
3 14
7 62
7 57
5 7
8 78
6 59
3 14
8 75
4 22
8 89
4 23
8 84
8 78
4 30
4 10
2 7
1 3
5 31
3 13
8 77
7 58
5 32
9 55
5 36
1 3
9 94
9 100
8 89
6 56
8 68
8 94
4 21
6 48
6 11
2 7
6 43
4 21
7 93
2 8
3 14
2 7
6 17
7 57
9 140
9 96
2 4
7 34
9 100
3 14
4 9
4 21
6 51
8 109
8 85
4 21
6 59
8 70
8 109
4 21
8 109
3 13
4 14
6 36
9 140
6 8
3 17
5 22
4 13
1 3
9 116
6 52
3 13
9 76
8 90
9 99
8 59
2 7
5 36
2 7
7 25
1 3
7 61
5 47
5 40
6 68
6 40
7 49
8 89
9 91
8 62
7 74
7 82
5 40
5 10
10 96
9 101
8 83
4 22
7 9
4 9
9 100
10 97
2 7
8 90
3 13
6 47
5 41
3 13
9 27
4 14
8 109
6 44
4 22
7 39
8 52
7 28
5 47
7 73
6 16
3 17
3 13
7 60
2 4
3 8
3 17
6 45
9 100
6 47
6 47
1 3
3 13
7 43
9 96
4 11
6 53
4 6
8 122
5 32
9 119
4 21
8 122
6 47
2 7
4 21
4 22
7 58
7 82
9 127
7 59
7 93
4 22
3 5
4 22
8 122
7 93
7 28
7 59
1 3
9 101
5 40
1 3
1 3
5 40
1 3
6 11
5 35
7 66
8 29
5 47
8 89
5 40
2 7
7 74
9 109
4 15
5 6
7 33
9 14
1 3
1 3
8 122
8 109
10 75
6 44
8 109
5 36
4 21
6 59
9 104
4 13
5 31
8 81
3 5
2 7
6 47
8 11
5 32
9 83
1 3
7 82
6 48
5 41
6 52
6 52
1 3
4 25
8 87
2 4
8 49
5 12
7 82
8 84
7 9
8 122
6 47
6 33
7 39
2 4
8 109
3 14
7 93
8 38
4 6
5 7
6 34
8 83
6 52
8 89
8 90
8 95
8 75
5 40
1 3
6 8
9 99
2 7
7 73
4 15
3 13
3 17
1 3
5 47
9 99
7 24
8 68
8 18
5 10
9 116
6 59
3 17
6 40
8 13
2 8
7 67
8 74
5 32
8 79
5 24
10 96
2 7
7 58
7 67
6 26
6 68
8 83
6 42
6 68
1 3
6 45
8 74
2 7
2 4
2 7
1 3
4 30
4 25
5 32
8 77
9 127
9 105
8 82
8 98
9 117
1 3
9 116
9 111
4 6
3 13
8 82
7 61
7 93
1 3
8 10
7 65
7 17
9 100
1 3
7 73
4 21
3 12
1 3
5 41
5 33
4 22
8 78
1 3
3 8
2 4
6 47
7 61
5 47
9 70
7 49
3 15
7 93
5 10
9 94
5 36
8 74
9 91
8 44
1 3
7 54
7 82
3 5
3 17
1 3
8 93
6 42
7 65
3 13
9 127
6 45
10 15
5 40
6 68
2 7
3 14
8 98
1 3
8 10
7 66
5 36
3 13
4 30
8 19
5 1
5 10
6 42
7 52
2 7
5 7
6 9
3 10
7 73
8 52
6 49
2 8
8 89
10 65
4 23
3 5
4 14
10 160
2 7
4 11
8 74
9 61
7 75
5 35
1 3
7 93
9 116
7 50
2 7
7 44
8 83
1 3
9 140
7 67
9 19
3 13
6 53
7 70
8 79
6 68
6 57
6 21
7 58
1 3
7 74
8 98
9 94
7 53
3 13
9 116
8 84
7 74
7 70
7 45
6 42
3 14
5 41
8 95
5 47
2 7
7 56
10 128
7 93
8 58
6 54
8 109
1 3
5 21
5 21
7 82
6 52
3 14
2 4
7 63
8 99
9 75
6 44
7 35
7 65
9 77
6 52
3 14
3 13
7 58
4 21
2 4
6 44
8 74
1 3
9 140
7 57
3 5
3 13
4 22
10 116
6 60
7 82
7 66
7 12
6 43
7 61
8 78
2 4
4 22
6 68
9 116
9 128
7 44
6 53
4 9
5 31
7 93
4 6
7 82
1 3
6 68
7 61
3 5
4 22
8 13
4 9
9 111
4 22
6 60
9 94
4 21
6 57
9 110
8 90
6 44
7 57
1 3
5 31
4 9
8 84
3 13
1 3
4 22
8 90
3 8
7 73
5 10
5 31
6 51
1 3
4 23
3 13
5 35
5 35
8 109
6 45
5 7
7 66
4 6
3 17
7 62
8 98
7 66
6 68
7 70
1 3
1 3
3 12
4 22
4 9
8 90
8 109
2 7
9 128
6 33
8 79
8 95
5 32
5 47
5 9
4 7
3 13
6 52
1 3
8 109
7 45
9 75
6 59
5 34
5 33
5 40
7 57
5 32
4 30
9 95
6 44
1 3
1 3
7 61
9 86
6 47
2 7
6 44
3 13
1 3
9 95
7 93
4 21
7 59
9 116
6 45
3 13
9 124
6 48
3 9
3 13
3 13
8 109
5 36
5 32
1 3
8 93
8 10
4 25
6 27
8 89
4 25
6 33
9 127
7 66
6 32
9 116
5 31
8 88
5 7
3 9
6 43
6 49
9 116
8 109
7 82
9 127
8 75
2 7
7 59
9 127
5 31
4 23
7 77
1 3
7 82
9 11
4 22
3 17
9 14
2 7
7 70
1 3
6 53
5 41
7 65
6 52
4 9
8 89
8 77
8 84
8 74
9 127
3 9
6 31
9 127
7 93
8 89
4 25
9 127
3 5
6 47
2 4
7 60
1 3
3 5
5 47
1 3
7 67
8 99
6 53
7 93
3 13
4 21
6 44
7 58
5 47
7 93
10 14
3 17
5 27
4 21
6 47
8 73
9 112
6 38
8 81
7 48
8 109
6 68
7 66
4 22
1 3
2 7
8 86
2 7
1 3
2 4
3 14
9 118
6 59
8 18
8 61
4 30
7 49
6 48
2 7
4 11
6 48
1 3
7 70
7 53
9 12
1 3
8 77
2 7
5 31
3 5
9 123
6 44
7 61
3 14
8 82
9 128
5 32
6 68
4 14
6 59
1 3
6 59
7 74
4 23
3 13
7 63
4 21
4 15
7 34
4 10
7 38
7 93
3 8
6 36
6 68
5 7
5 47
1 3
6 48
8 70
7 61
8 48
9 140
2 7
7 59
1 3
7 61
2 4
8 75
3 5
9 127
3 8
5 36
9 127
5 22
3 13
9 91
4 15
5 33
4 24
8 67
2 7
8 78
9 116
8 84
4 30
7 67
6 68
8 73
6 41
6 68
8 89
9 79
1 3
7 66
9 122
6 68
7 61
8 90
1 3
2 7
6 59
7 81
7 82
1 3
2 7
1 3
2 7
6 28
3 13
4 14
3 13
5 47
1 3
5 47
5 7
2 7
8 78
3 13
3 17
9 107
6 52
6 68
3 14
7 70
7 93
7 35
10 137
9 39
6 44
2 8
1 3
10 136
2 7
5 47
2 4
3 13
4 21
8 83
1 3
7 66
7 57
6 34
5 25
5 15
4 21
1 3
8 82
6 55
7 68
3 8
1 3
7 17
5 41
10 105
8 91
1 3
7 82
8 83
8 87
4 6
6 48
4 15
6 35
7 68
6 32
6 68
6 43
8 85
8 122
6 68
7 70
8 78
8 109
5 37
2 7
6 59
2 4
8 98
4 9
2 4
4 22
3 17
8 89
7 93
7 82
1 3
9 14
2 7
7 73
3 13
8 79
9 140
7 73
5 37
8 52
3 14
5 7
6 52
8 122
8 98
7 35
3 13
7 80
8 95
2 5
4 9
8 13
8 19
8 93
6 68
8 78
2 7
9 66
2 4
3 14
9 116
4 22
6 49
3 13
8 99
4 6
7 75
5 40
6 49
9 111
1 3
7 61
5 40
2 4
6 59
8 82
2 8
1 3
3 5
7 58
2 7
7 67
5 33
3 14
5 47
2 7
1 3
7 41
9 95
6 59
8 89
3 8
6 47
8 84
7 63
8 91
1 3
8 20
7 73
6 11
8 83
8 59
7 36
8 98
6 59
5 31
8 78
7 73
9 111
9 111
6 43
8 90
1 3
3 13
8 76
6 20
8 67
3 13
5 35
5 38
5 32
8 83
9 116
8 78
7 73
7 34
4 26
5 40
5 32
5 32
2 7
9 31
5 40
8 82
8 83
4 21
5 21
8 62
7 58
7 46
7 66
8 109
4 25
2 7
9 52
5 31
4 23
7 61
6 43
7 82
7 58
9 116
8 82
7 83
2 7
7 26
9 79
4 25
2 8
5 20
6 44
4 21
8 98
9 128
7 59
3 13
5 32
4 21
9 111
3 13
4 30
2 7
8 77
9 95
8 95
6 45
7 15
7 9
8 83
5 40
6 68
9 124
5 32
3 9
8 122
7 83
7 9
4 6
8 105
7 9
2 4
5 32
4 23
4 25
7 82
4 6
5 36
2 4
4 25
6 48
5 36
7 93
5 32
6 22
6 33
10 96
1 3
2 4
8 23
7 57
9 127
5 32
2 7
4 21
9 96
8 82
9 47
8 110
7 35
6 52
4 23
9 107
1 3
7 61
6 52
8 77
7 54
4 22
4 25
7 58
8 12
5 40
3 13
8 62
5 27
5 41
8 61
10 70
2 5
8 74
3 15
8 79
3 13
3 14
7 70
2 4
7 59
5 40
6 47
3 8
2 7
4 16
7 65
6 48
10 143
4 19
6 52
3 5
6 68
7 59
4 26
9 105
6 52
8 84
8 73
7 73
3 14
1 3
9 140
5 47
9 116
6 35
2 4
5 40
3 17
6 43
3 14
3 5
8 14
3 12
8 89
6 51
6 47
2 4
7 67
2 7
6 52
7 62
5 47
2 7
1 3
5 31
7 52
1 3
8 74
5 33
2 7
6 7
7 67
2 7
8 40
3 15
6 47
4 14
3 14
5 32
6 68
8 86
2 8
8 10
6 68
1 3
9 116
7 59
4 30
2 7
3 9
6 59
8 82
6 45
2 7
6 52
6 52
1 3
3 8
7 82
8 79
9 90
3 5
6 59
7 59
6 59
3 8
3 15
7 46
2 7
7 74
5 24
2 8
8 63
5 37
6 47
8 109
5 40
4 21
1 3
6 59
7 66
8 10
8 67
7 18
6 60
3 5
7 25
3 17
6 53
6 50
9 140
6 38
7 67
9 14
6 36
4 30
1 3
7 93
9 127
3 13
2 7
5 10
7 32
6 31
4 9
1 3
3 14
10 27
4 14
5 40
3 13
7 82
6 8
9 61
8 74
7 9
1 3
8 90
9 92
3 5
7 93
8 50
8 109
9 116
9 95
8 91
5 32
8 90
8 26
1 3
8 78
7 66
2 8
7 34
9 116
9 99
7 63
4 25
4 22
7 68
6 9
8 71
7 73
6 47
3 17
5 40
2 7
6 44
9 39
6 16
1 3
1 3
6 44
5 47
3 13
7 61
8 54
6 68
8 90
2 7
4 30
8 109
9 128
7 67
8 108
4 25
7 59
3 17
6 17
9 101
7 37
6 43
5 31
3 14
4 25
4 30
4 30
7 93
7 59
5 32
8 109
5 22
9 57
3 10
8 13
7 61
6 53
2 4
9 56
1 3
2 6
6 53
2 7
4 21
8 62
6 11
3 8
5 32
9 127
8 64
7 62
7 82
4 22
8 77
2 4
5 15
8 109
4 14
7 66
4 21
2 4
8 90
5 41
7 82
5 33
9 93
6 43
7 62
3 13
8 67
5 47
4 21
4 22
7 62
1 3
7 58
3 13
6 53
7 58
6 42
10 120
8 82
5 41
1 3
8 59
6 52
2 4
10 160
5 40
8 89
7 83
7 58
7 73
6 49
2 4
1 3
6 59
4 25
2 4
7 66
7 93
3 13
8 109
6 47
6 47
5 15
3 13
2 4
5 47
8 90
9 91
8 82
2 4
4 15
3 15
7 61
5 47
6 27
9 100
4 23
6 47
2 7
4 30
5 33
6 52
7 49
7 77
8 30
7 12
6 11
3 13
6 68
6 44
8 25
1 3
4 18
9 124
8 82
3 17
3 13
2 4
8 109
4 25
3 13
5 47
8 21
5 10
5 34
10 160
5 36
2 4
8 76
8 81
8 109
4 25
6 20
9 108
5 10
5 47
7 73
3 5
7 65
9 109
5 17
5 40
2 7
3 5
9 140
8 100
8 84
5 24
8 98
3 14
7 66
6 44
8 59
8 82
1 3
9 86
7 82
3 13
8 46
2 7
2 7
2 7
7 33
4 18
7 82
4 30
2 4
8 67
9 128
4 22
8 20
8 98
3 9
2 7
5 36
7 73
6 60
5 41
4 23
7 73
6 68
7 25
3 9
4 23
6 44
2 7
5 40
8 82
6 68
2 7
5 15
7 70
5 41
8 73
3 14
8 47
5 40
3 14
7 82
9 92
8 73
7 44
8 91
4 25
6 15
2 4
7 82
3 17
6 59
2 4
3 5
4 6
1 3
9 96
5 35
6 8
7 57
5 31
7 58
9 100
4 30
7 59
6 23
2 7
8 94
7 93
5 32
3 8
9 101
8 76
1 3
6 23
7 77
4 25
9 117
1 3
3 9
1 3
9 92
4 30
5 32
6 59
9 100
7 39
5 7
7 68
4 26
6 68
3 13
7 82
5 15
5 36
8 83
7 93
4 18
4 14
2 8
5 6
6 59
1 3
8 122
7 59
7 93
3 13
5 6
7 62
7 75
5 7
4 21
8 83
8 58
7 24
8 109
4 22
7 93
2 7
7 73
3 8
5 33
4 25
5 7
3 17
7 53
7 58
7 61
6 34
8 109
8 89
8 98
9 101
7 66
8 71
6 8
4 23
7 48
8 83
3 5
9 110
6 49
8 98
7 65
3 13
3 5
7 60
7 66
4 30
4 21
4 9
5 22
5 24
8 109
4 30
5 40
3 13
6 41
8 85
1 3
2 5
8 74
4 6
7 47
9 127
8 122
6 59
7 73
4 14
7 93
1 3
6 68
1 3
3 8
2 7
2 7
3 13
7 58
6 47
7 37
6 68
7 68
8 74
9 88
7 82
1 3
6 48
6 68
3 5
4 15
6 20
6 68
2 7
5 36
6 45
7 9
5 40
7 58
6 52
1 3
8 49
7 59
1 3
5 40
9 116
6 49
4 8
3 13
7 73
8 82
9 117
6 44
6 33
5 16
7 67
6 43
6 48
6 59
7 74
2 4
6 16
8 9
3 13
5 17
8 78
10 160
7 82
4 30
5 35
5 16
6 60
2 7
3 5
1 3
7 67
6 51
3 8
6 48
7 19
5 40
6 44
7 73
3 13
4 23
5 32
2 7
4 21
7 37
4 30
6 45
8 83
7 69
5 16
4 22
7 73
7 21
8 109
1 3
4 22
4 22
9 85
8 109
6 68
7 70
7 61
6 27
8 60
1 3
7 93
7 65
9 95
7 67
1 3
8 84
7 93
8 109
3 17
6 48
3 13
7 65
8 95
9 96
4 15
5 32
2 7
5 22
2 4
7 8
5 40
6 59
2 7
5 47
5 17
6 43
5 24
1 3
8 94
7 82
3 14
7 66
1 3
7 59
1 3
8 61
6 68
6 44
8 75
2 7
2 8
9 116
8 57
9 107
6 68
5 31
5 20
7 53
6 68
4 6
1 3
5 23
1 3
5 31
8 89
3 13
5 47
4 10
1 3
4 21
7 69
3 5
3 8
5 47
7 93
6 59
7 83
4 30
5 37
6 27
5 41
3 13
8 59
6 46
6 68
6 43
7 82
3 13
3 5
7 73
7 12
6 26
5 33
5 40
7 50
4 9
6 37
6 49
10 142
3 9
1 3
7 82
4 10
5 36
4 22
8 98
4 25
5 23
2 7
2 4
8 98
3 5
2 4
6 48
4 6
9 127
1 3
3 8
6 52
6 53
4 9
7 77
6 47
6 41
5 10
1 3
7 34
1 3
7 58
9 101
6 53
7 60
1 3
7 58
5 47
8 122
3 8
1 3
3 14
6 59
8 90
8 83
7 66
6 38
7 58
6 59
8 122
7 59
4 21
7 58
7 66
6 41
7 67
7 75
7 61
9 104
3 13
5 21
4 25
7 9
9 94
8 23
7 9
8 82
8 47
4 22
7 82
4 6
4 21
7 69
6 45
7 12
3 9
4 22
8 10
4 22
8 13
7 57
5 40
10 51
5 47
8 13
6 38
8 99
6 43
7 61
3 15
9 127
5 30
6 59
7 47
3 14
6 43
6 11
2 4
7 82
7 13
3 13
9 117
8 89
7 73
6 14
6 45
8 63
9 140
2 7
8 89
5 7
8 98
6 59
7 63
5 15
9 76
6 56
9 96
6 41
5 47
8 45
4 23
8 90
5 33
4 22
5 7
8 90
1 3
7 82
4 21
3 14
8 75
3 13
5 32
3 13
2 4
5 32
7 61
4 14
8 109
8 82
7 59
5 22
1 3
5 27
6 48
6 34
1 3
3 5
3 9
6 51
2 7
5 47
7 66
9 140
7 70
7 57
3 13
9 127
7 67
7 50
7 67
6 44
2 7
9 108
8 109
6 48
9 127
9 78
1 3
9 127
6 56
4 21
9 127
6 47
8 82
8 91
4 10
4 25
7 17
8 83
6 16
6 59
4 18
7 62
9 75
7 61
7 48
7 64
8 62
9 127
2 7
7 49
6 48
6 43
8 11
8 77
7 73
7 83
7 69
7 70
5 41
4 9
9 91
9 104
2 7
8 95
5 40
2 7
4 13
5 33
7 62
8 93
2 4
6 48
6 47
4 6
2 8
5 6
8 109
2 4
7 47
8 78
8 74
5 40
8 35
8 79
4 25
5 31
2 7
5 22
7 58
7 82
8 74
6 44
4 21
2 8
8 75
6 59
2 7
9 63
6 47
7 93
4 26
6 48
6 52
7 59
6 43
1 3
4 21
3 13
7 62
5 31
4 6
2 7
4 30
7 53
3 17
4 21
5 31
6 21
3 13
8 122
3 17
4 22
1 3
4 19
8 110
1 3
6 44
5 31
1 3
9 117
1 3
9 140
1 3
3 5
6 59
6 53
8 66
7 74
8 75
5 23
4 21
1 3
3 8
8 122
4 21
7 93
8 109
1 3
6 45
6 24
3 14
6 46
5 47
7 49
7 47
2 4
7 60
7 82
3 9
7 58
6 48
7 59
7 93
7 9
4 30
6 8
4 23
7 58
5 34
9 14
5 10
3 13
5 35
7 58
4 21
6 48
7 82
4 22
5 40
8 78
7 62
6 52
3 13
9 127
4 30
5 40
5 32
7 17
8 95
5 6
7 69
7 93
8 10
6 44
7 70
2 7
5 10
9 104
8 98
8 90
9 128
2 4
1 3
3 5
4 9
7 12
9 97
7 62
7 62
8 58
6 68
2 7
6 44
3 8
6 32
3 14
2 7
4 19
8 93
2 8
6 54
7 49
8 89
8 18
3 13
6 52
7 27
5 22
4 30
5 28
5 36
3 5
8 109
2 7
7 62
6 41
9 99
3 13
6 34
3 8
4 22
4 21
7 60
5 31
5 33
4 21
8 93
6 27
8 19
1 3
7 53
4 22
3 15
8 80
8 67
7 93
5 22
7 93
6 51
8 89
7 93
4 25
5 7
8 95
6 68
9 108
8 84
1 3
5 35
7 69
8 91
7 83
7 80
1 3
7 43
9 85
3 5
5 40
1 3
7 70
6 23
6 53
6 32
9 127
2 7
5 7
4 6
8 109
8 10
5 31
2 7
9 108
3 5
7 82
8 93
9 116
8 98
7 54
7 52
4 26
4 22
6 44
8 122
6 44
3 13
9 127
6 52
5 47
4 21
8 29
1 3
6 44
8 54
5 23
5 31
6 44
9 94
9 101
8 122
7 61
4 25
8 109
4 30
6 48
1 3
2 7
8 98
5 37
7 73
6 45
7 63
8 83
8 109
7 93
5 24
3 17
6 32
1 3
5 31
6 47
4 21
8 74
7 63
7 57
4 5
3 5
9 96
7 82
2 4
7 73
4 21
8 89
1 3
7 47
5 40
7 70
7 61
5 37
5 35
6 53
2 8
6 59
8 89
1 3
9 127
9 127
7 66
7 34
4 30
9 116
6 59
6 48
8 122
4 17
9 76
7 44
7 82
8 83
5 32
5 35
8 98
3 13
6 68
7 61
6 52
8 98
2 7
7 83
7 93
6 68
6 44
5 47
1 3
8 14
4 14
5 47
10 147
9 78
5 28
2 4
8 99
2 7
6 16
8 84
4 23
7 38
7 63
7 24
8 93
6 44
6 43
7 74
6 59
5 11
7 59
2 8
6 48
8 45
3 14
8 78
9 117
6 49
2 7
3 9
8 98
7 61
5 47
2 4
7 63
8 35
6 52
8 109
4 21
8 109
1 3
2 7
4 6
3 8
5 36
6 68
6 60
7 82
3 8
2 7
2 7
2 8
4 30
7 74
8 93
5 38
7 70
6 68
6 68
5 31
6 43
6 68
2 4
8 17
3 13
7 62
8 77
6 49
7 46
1 3
6 53
5 40
5 25
6 53
4 14
9 108
8 10
5 32
9 77
9 100
5 31
10 69
6 41
8 84
6 16
2 8
2 8
7 93
8 54
8 77
6 8
6 36
6 68
10 127
7 82
3 5
9 87
6 45
4 6
9 28
3 13
9 117
5 40
4 21
3 13
4 6
5 32
6 36
9 102
7 82
6 43
6 44
6 47
6 17
4 22
7 46
1 3
7 59
6 41
3 14
9 101
8 82
4 6
7 35
6 68
8 67
8 99
8 77
2 7
6 59
4 21
8 83
4 21
3 10
5 41
5 7
6 47
8 60
9 93
2 4
6 34
5 41
6 38
6 68
8 89
2 4
6 68
4 10
7 73
7 51
6 49
6 68
5 31
2 8
8 38
2 7
3 13
4 21
3 8
3 13
6 8
3 17
8 23
1 3
5 14
8 75
4 21
5 32
8 109
6 43
5 32
9 100
2 4
7 13
7 62
5 35
6 45
7 73
1 3
2 7
7 93
8 109
5 31
5 34
7 63
1 3
3 13
7 43
7 46
8 82
7 59
6 53
3 13
7 93
2 6
5 23
8 78
7 67
8 77
8 49
2 4
5 47
6 43
7 83
1 3
3 17
5 47
9 117
1 3
5 22
7 68
2 7
6 52
7 93
8 78
3 13
7 28
8 87
4 21
7 93
7 93
6 52
3 5
7 93
5 32
5 31
3 5
7 73
4 21
3 15
8 20
1 3
8 86
8 109
8 66
3 8
8 109
7 82
1 3
5 40
4 6
8 59
7 62
5 31
7 74
2 7
6 33
5 31
7 68
8 109
10 96
5 35
4 6
5 35
5 10
5 38
8 109
7 58
6 43
2 4
8 109
6 51
8 95
8 83
9 127
3 5
4 23
7 93
5 31
8 59
9 19
8 99
8 109
8 74
3 17
6 53
5 22
1 3
3 14
9 99
5 31
8 91
6 36
3 17
7 73
9 101
2 4
1 3
3 8
4 30
8 99
6 8
6 52
7 93
1 3
6 33
4 16
8 109
5 40
5 40
3 13
8 109
7 93
7 60
3 8
7 44
5 32
4 21
3 14
6 59
7 66
9 127
5 31
5 20
10 109
7 67
2 4
7 46
8 80
8 109
9 52
5 15
2 7
7 45
6 60
5 30
6 59
7 59
8 10
3 5
6 68
6 48
5 31
3 5
4 21
8 75
5 36
5 32
9 30
2 4
6 33
8 91
3 9
3 9
1 3
5 22
8 73
10 28
2 4
7 61
7 17
8 122
5 40
6 16
7 82
8 109
3 17
8 40
10 129
6 51
7 67
8 82
7 66
6 46
5 36
5 32
3 13
5 40
4 14
5 47
5 33
5 26
8 48
5 47
7 60
1 3
5 31
3 13
2 7
8 81
7 73
6 68
3 14
7 93
5 22
3 15
6 52
5 47
5 6
8 95
8 84
3 14
6 44
6 52
3 5
1 3
2 7
7 12
8 89
7 73
4 30
4 25
4 7
8 89
7 66
3 5
3 13
6 52
7 60
7 73
1 3
7 93
1 3
2 4
6 43
9 83
5 8
2 8
4 26
7 83
9 99
8 122
3 5
1 3
8 58
5 42
8 74
5 47
6 45
6 43
5 32
5 16
8 86
4 21
5 23
2 4
2 8
9 77
7 93
6 16
8 90
4 6
6 16
3 5
5 21
7 43
6 59
7 67
9 45
8 98
3 13
6 45
8 78
2 4
7 58
9 72
8 109
3 13
1 3
8 109
8 90
3 8
2 4
5 30
2 8
6 32
7 58
5 40
8 46
8 63
7 53
4 21
5 15
2 5
8 89
6 68
1 3
7 74
7 93
1 3
7 58
10 109
8 61
7 61
2 7
1 3
7 31
6 44
6 59
7 63
3 5
7 62
8 82
3 5
8 99
8 84
3 13
6 68
6 36
6 44
2 7
8 82
8 82
4 30
1 3
8 77
7 34
8 73
6 45
5 36
3 14
7 74
4 21
9 92
6 48
7 83
9 102
8 89
6 52
3 13
3 14
7 46
7 9
3 13
9 140
8 84
5 7
7 73
7 93
7 59
7 93
7 67
8 63
8 86
8 89
3 17
7 73
7 93
5 41
8 93
6 47
7 93
8 109
5 47
2 4
2 7
8 75
7 93
6 31
6 52
7 82
1 3
3 5
1 3
5 15
2 4
6 46
4 30
5 35
8 82
2 7
5 26
9 127
3 17
5 40
6 32
8 122
8 122
9 91
7 73
9 107
6 20
7 73
8 73
7 67
3 13
3 13
6 59
2 7
8 110
10 92
10 107
1 3
4 21
4 10
9 107
5 24
8 91
8 45
2 7
8 98
4 30
9 75
9 111
8 109
7 82
6 52
7 73
3 13
6 49
4 9
4 6
7 48
6 68
7 67
8 93
3 13
6 45
7 82
7 48
6 45
7 47
5 31
7 93
8 10
2 7
1 3
7 59
7 73
9 101
1 3
9 108
4 25
7 67
6 59
9 110
3 14
7 93
3 13
6 34
9 51
4 9
1 3
5 35
3 5
5 33
8 76
8 83
5 35
6 47
6 44
5 32
4 30
8 71
6 26
8 9
5 23
3 8
9 122
4 25
3 8
7 66
7 61
7 9
5 41
6 48
3 10
6 68
9 62
10 137
5 22
6 43
6 17
3 13
7 55
4 18
1 3
7 77
9 116
6 59
6 24
1 3
5 7
4 21
5 40
9 102
2 7
7 35
8 84
5 31
8 84
6 59
8 109
7 66
8 94
6 55
6 49
9 101
5 33
3 10
6 44
6 52
6 24
6 68
9 93
6 59
4 25
8 98
2 7
7 48
8 89
5 32
6 68
6 17
6 42
1 3
7 58
6 60
4 25
8 87
7 43
7 10
5 47
3 13
4 30
2 7
6 59
5 40
2 4
8 82
10 124
6 68
1 3
4 30
7 93
9 109
5 35
1 3
5 35
3 14
8 14
7 93
7 61
5 36
9 107
5 23
6 52
8 10
5 47
4 25
5 15
6 53
8 89
7 60
7 61
7 93
7 82
7 58
4 30
1 3
3 13
6 68
5 41
9 116
6 59
8 81
5 32
6 43
8 109
7 93
6 68
4 6
9 91
2 7
5 33
7 57
8 90
7 73
7 60
6 23
5 47
6 68
5 47
2 7
5 31
6 68
3 5
7 62
6 68
4 23
8 43
9 117
7 93
4 10
8 78
6 41
7 82
8 82
7 17
7 93
8 77
7 74
5 31
7 46
8 75
2 7
3 9
7 73
7 60
6 47
10 127
7 28
5 33
7 66
8 98
8 47
9 99
9 140
5 34
5 13
1 3
4 23
6 68
7 61
6 43
8 98
6 53
4 30
8 86
1 3
6 49
4 25
2 8
5 47
9 96
7 35
7 74
7 58
6 48
5 38
5 40
4 25
4 18
7 54
8 98
3 8
6 8
7 58
2 7
2 8
8 89
1 3
7 93
7 48
2 4
2 4
1 3
6 59
6 49
6 68
7 74
3 14
4 10
5 7
5 32
7 26
7 67
6 52
4 22
1 3
6 43
1 3
4 21
4 16
6 27
5 34
5 35
6 68
7 93
2 7
4 6
8 77
5 47
6 68
6 49
8 122
4 9
5 40
2 4
9 109
4 15
5 40
4 30
9 109
6 41
8 75
2 7
1 3
9 91
5 41
5 21
9 12
5 47
7 67
3 13
7 59
10 122
2 7
8 63
6 49
7 73
7 58
3 9
6 68
5 7
2 7
6 44
9 19
6 51
6 48
8 13
3 13
5 15
5 47
8 90
5 35
2 7
8 74
8 98
5 37
5 9
8 10
2 7
6 12
3 13
2 4
5 33
2 4
4 25
8 109
9 100
9 19
8 41
1 3
8 83
5 40
2 7
3 13
7 44
7 58
2 4
7 62
6 53
7 59
6 34
6 68
6 42
2 7
10 108
8 83
1 3
6 24
7 59
3 5
10 127
7 84
5 32
9 37
1 3
3 8
8 90
7 43
8 59
8 75
1 3
4 22
6 59
4 23
7 67
6 60
7 83
7 49
7 83
9 128
1 3
7 59
6 47
7 82
1 3
3 8
4 6
2 7
7 82
6 53
3 14
4 25
6 68
8 109
9 14
10 70
3 5
9 100
7 93
9 140
5 23
7 93
8 85
3 15
3 13
3 14
8 98
5 7
9 91
4 23
5 47
3 7
5 10
9 76
4 25
8 98
7 63
6 46
8 74
6 18
8 89
8 86
1 3
8 10
4 14
7 67
1 3
8 89
9 127
4 15
7 66
4 26
6 45
8 122
4 14
1 3
7 66
7 82
9 140
5 40
7 66
8 98
3 15
1 3
7 62
5 7
1 3
5 40
1 3
5 31
7 58
2 4
3 5
8 45
7 38
6 48
7 66
5 47
9 97
5 22
4 14
8 90
8 83
6 43
9 127
3 13
5 22
4 25
5 35
1 3
9 117
3 13
8 98
8 78
2 7
4 13
9 111
6 47
5 10
6 47
3 5
5 47
3 13
7 58
7 43
6 56
4 30
6 68
8 82
3 14
2 7
4 14
5 39
8 84
7 62
8 86
5 36
7 67
7 68
5 47
8 90
7 66
7 82
7 61
8 83
7 82
9 94
5 40
2 7
7 34
9 88
6 53
7 66
5 35
7 43
3 5
8 58
7 82
7 57
2 7
4 25
7 82
9 127
8 27
4 25
9 91
6 22
4 15
7 82
5 23
2 7
6 52
2 7
6 11
3 6
7 58
5 34
3 15
7 9
1 3
8 83
7 70
7 57
7 13
4 23
7 59
6 59
7 82
5 40
8 89
4 22
8 78
2 8
2 4
4 30
1 3
8 75
5 35
7 93
8 89
2 7
6 53
5 31
6 47
7 9
6 37
2 7
1 3
1 3
7 73
1 3
3 17
7 59
7 75
6 11
6 53
9 140
3 17
5 39
7 82
1 3
9 140
7 74
9 116
8 122
5 47
8 25
3 5
2 4
4 22
7 61
7 68
8 83
7 93
8 68
1 3
7 74
6 9
3 5
3 13
7 61
7 73
6 49
6 32
9 127
7 61
9 92
4 22
7 59
7 55
10 129
5 47
9 140
4 21
2 4
5 35
8 79
7 93
2 4
2 7
7 15
5 40
3 8
6 45
4 30
6 43
4 14
9 100
3 13
7 66
7 73
5 34
6 53
8 78
9 91
8 122
3 5
5 32
7 70
3 13
5 30
6 11
2 4
6 68
8 109
3 13
3 5
2 4
7 46
3 14
8 89
9 127
3 5
5 31
5 26
8 79
5 31
6 68
2 7
7 43
1 3
7 9
3 13
9 101
5 40
8 89
3 12
7 73
7 74
9 89
7 93
5 40
9 127
5 31
7 57
5 15
8 77
3 8
6 68
6 11
9 95
3 13
8 78
7 64
7 83
5 40
6 21
6 8
8 84
5 17
9 127
10 20
6 43
8 78
10 137
7 73
9 128
6 59
8 64
5 23
5 47
3 13
8 93
6 68
5 47
4 9
6 49
9 75
5 36
1 3
7 33
8 84
1 3
7 54
6 22
7 93
9 21
7 93
8 109
1 3
3 13
7 46
8 73
6 37
5 23
7 66
7 93
6 9
7 61
6 23
5 32
6 38
2 6
6 35
7 74
8 54
2 7
7 62
1 3
8 98
5 7
7 42
6 48
8 46
6 53
4 25
5 31
7 43
5 36
4 21
8 90
4 6
6 48
3 9
2 7
6 59
2 4
7 17
6 49
8 98
3 13
4 30
7 77
5 47
8 98
7 37
3 9
3 5
7 93
7 74
7 9
8 98
8 18
7 74
1 3
4 9
9 98
1 3
5 40
7 93
5 35
4 25
5 33
1 3
7 57
8 122
8 62
2 7
7 93
8 74
4 25
2 7
5 47
6 34
5 10
5 19
6 16
9 101
3 8
4 6
1 3
9 93
1 3
7 35
8 109
9 105
6 59
6 59
5 35
4 21
8 19
3 8
6 53
6 59
9 108
8 109
4 23
5 22
7 66
7 12
5 23
3 13
5 15
7 66
8 86
5 35
8 109
7 93
1 3
5 32
4 6
6 17
5 47
9 127
8 81
6 49
6 68
6 48
4 21
3 8
2 7
8 109
4 25
9 95
5 35
8 98
5 16
9 101
8 89
7 48
4 25
2 4
5 15
3 8
7 38
8 99
7 66
7 74
6 43
6 23
5 40
1 3
7 66
2 4
8 95
5 41
6 48
7 48
5 11
8 122
6 59
9 117
6 47
4 22
7 67
3 13
5 36
5 47
6 47
7 82
7 28
4 30
7 82
3 14
7 24
5 32
3 8
6 47
7 67
7 69
3 5
5 40
2 8
2 7
5 36
6 59
2 7
5 35
5 40
3 14
5 32
7 58
7 44
4 25
5 47
8 122
7 44
7 58
5 40
2 4
3 5
8 46
1 3
7 46
2 4
3 13
3 17
9 50
6 47
8 90
6 45
9 127
9 90
7 61
7 50
9 124
6 41
6 44
4 22
7 66
9 108
2 4
7 82
7 66
4 21
4 6
9 102
3 14
6 68
6 52
5 19
2 7
7 42
1 3
2 4
3 13
9 100
5 35
7 58
9 100
7 10
6 68
5 10
5 11
5 32
6 59
7 93
5 21
5 40
4 23
9 116
3 13
9 54
3 13
3 8
2 7
1 3
5 36
6 46
1 3
6 16
9 140
5 15
7 82
5 37
2 4
6 44
9 101
7 61
5 40
7 93
9 100
4 30
5 40
5 36
10 56
9 127
5 27
4 6
4 30
7 73
9 97
3 8
6 59
5 40
5 32
7 66
6 8
5 7
3 14
2 7
5 31
8 89
1 3
3 17
9 128
1 3
6 48
6 53
5 31
4 9
7 82
6 16
8 93
3 14
8 83
7 67
7 60
6 43
2 7
4 30
3 17
6 68
6 49
7 60
1 3
7 34
7 93
6 68
8 99
1 3
8 61
3 13
5 31
2 7
3 17
3 5
8 79
1 3
5 36
2 4
7 52
7 61
8 98
3 8
8 58
10 68
6 60
7 66
6 57
7 73
9 116
3 5
5 25
5 47
6 52
2 4
9 116
8 78
5 7
9 47
9 112
1 3
7 66
9 100
1 3
6 49
7 93
4 21
6 31
6 52
7 68
3 5
8 34
9 96
6 24
3 17
2 4
3 9
5 25
5 35
1 3
6 20
6 43
5 23
7 45
1 3
7 58
4 25
7 58
4 23
4 6
9 108
8 43
2 7
4 22
4 16
6 68
4 14
9 101
3 14
8 10
7 82
5 47
8 90
5 10
8 10
8 75
1 3
8 59
2 4
6 44
5 40
8 13
7 64
4 6
7 63
9 110
7 93
4 23
6 52
1 3
1 3
6 51
7 67
1 3
7 13
3 15
3 14
1 3
10 130
8 10
4 21
7 57
5 32
1 3
8 109
7 93
6 54
3 13
5 10
5 7
8 93
8 79
1 3
8 94
4 6
4 15
2 4
9 109
7 57
9 126
7 93
3 5
7 82
7 74
8 62
6 32
4 14
4 14
7 12
6 56
7 73
1 3
3 5
7 70
3 17
9 93
5 32
6 49
6 68
8 90
5 12
9 127
8 98
7 73
6 68
5 40
8 109
8 98
7 53
9 99
2 8
5 11
7 82
5 31
7 66
7 47
6 59
6 53
2 7
5 14
4 26
2 7
1 3
9 28
5 41
9 96
6 34
7 93
4 13
9 100
9 95
8 109
6 47
4 24
8 73
3 13
7 93
7 93
9 92
7 82
1 3
9 109
8 99
3 5
8 38
3 12
5 22
1 3
6 36
7 73
8 122
3 13
2 7
7 34
4 14
2 7
10 129
7 62
9 108
4 15
6 68
2 7
8 86
3 13
3 14
7 49
5 47
1 3
7 66
1 3
7 70
8 122
5 25
8 122
5 16
1 3
4 21
7 57
9 75
6 68
6 52
8 81
8 83
3 9
4 21
8 77
7 68
6 53
6 59
8 109
9 110
9 76
9 100
7 93
8 84
4 22
1 3
3 13
7 74
6 53
1 3
8 122
8 83
5 32
7 61
8 109
5 35
9 91
7 23
4 22
2 4
5 40
7 12
7 73
6 53
4 21
9 127
4 30
3 17
6 11
1 3
1 3
8 83
4 18
7 82
2 4
8 98
3 9
2 4
4 25
8 98
9 98
7 73
8 75
3 17
6 68
2 4
3 17
3 17
8 109
8 98
7 82
5 31
5 47
9 103
3 14
2 7
8 83
8 85
3 9
1 3
8 99
6 52
8 85
7 9
4 22
2 8
6 68
7 93
7 73
4 6
8 73
5 47
6 68
2 5
6 47
5 36
4 30
8 122
6 24
5 21
8 72
6 59
9 64
4 21
7 70
7 66
6 32
8 54
10 12
7 62
7 60
7 93
5 15
9 118
4 14
3 8
3 8
7 65
5 31
6 59
9 92
1 3
2 4
9 100
9 89
6 44
7 47
2 8
8 77
1 3
2 7
4 25
4 22
3 8
7 67
7 83
7 93
8 14
6 68
6 52
1 3
4 25
8 84
10 69
1 3
4 15
6 68
5 32
7 66
5 9
5 15
3 14
3 13
7 93
3 13
1 3
9 117
8 89
4 21
8 12
7 68
7 35
7 33
2 4
8 109
7 61
8 10
7 73
8 98
8 98
4 30
5 31
6 23
9 127
5 31
8 122
9 116
8 74
7 57
8 98
5 41
7 66
2 4
4 22
1 3
7 61
2 7
4 10
5 33
7 36
8 82
1 3
3 13
7 67
9 108
6 59
9 96
7 45
7 63
7 93
1 3
8 77
7 9
6 49
2 7
6 52
5 40
4 21
3 13
7 74
8 77
6 11
2 7
8 89
3 17
6 16
1 3
2 7
6 59
6 48
5 33
4 13
8 95
8 84
8 109
9 116
5 28
2 4
6 45
8 83
6 34
6 68
4 22
7 77
4 25
7 73
9 80
6 35
6 21
1 3
9 140
7 93
6 21
6 51
8 79
1 3
8 98
6 8
3 14
7 12
2 7
5 16
7 58
1 3
5 35
7 48
7 73
6 46
4 21
1 3
6 68
6 33
7 59
5 40
8 13
8 68
4 23
9 101
8 66
9 78
2 4
6 52
4 22
7 73
4 21
7 93
4 21
4 30
2 7
9 124
7 93
2 4
6 68
7 80
8 73
8 50
4 30
3 15
8 98
1 3
9 95
9 89
5 33
4 22
9 94
7 93
8 110
6 47
9 97
1 3
2 4
6 59
8 78
5 10
8 84
7 44
2 4
7 68
6 44
4 22
8 98
6 68
6 59
1 3
7 66
8 73
8 83
7 66
7 61
6 59
6 47
7 60
9 110
7 73
4 22
7 58
6 68
2 4
4 26
2 4
8 122
6 59
5 32
4 6
6 11
4 30
8 84
5 35
9 116
5 40
7 66
8 76
1 3
8 74
7 17
5 32
8 98
5 32
2 8
7 93
7 66
10 75
7 82
6 47
3 13
9 96
3 15
7 61
1 3
7 61
9 117
9 102
8 90
4 22
8 98
7 67
7 93
5 47
2 4
1 3
2 5
7 93
6 24
3 9
8 82
7 93
6 16
2 7
4 26
5 31
6 34
7 73
9 11
9 117
3 17
2 4
7 82
6 43
7 68
5 32
3 13
2 7
2 7
3 13
5 10
7 33
7 77
4 25
6 8
8 109
2 4
3 14
4 11
3 13
3 13
6 44
6 47
5 32
8 98
7 61
2 7
7 41
8 109
6 34
6 8
5 24
6 47
6 8
5 27
7 73
8 122
3 5
1 3
9 111
5 47
2 4
3 10
8 45
9 140
9 117
4 16
6 36
4 6
6 27
6 68
8 83
6 59
7 62
8 78
3 14
2 5
4 22
4 9
8 84
3 13
6 47
6 52
6 41
3 13
6 47
2 7
9 108
8 122
8 122
5 32
6 47
6 11
7 93
5 26
8 86
4 30
7 73
7 45
5 7
7 12
6 52
8 74
4 21
3 5
8 61
8 78
6 31
6 59
3 14
8 110
7 93
2 4
7 74
6 68
3 13
4 30
10 130
6 33
2 4
7 54
5 31
4 25
6 68
8 83
4 23
7 45
4 10
3 13
4 6
5 31
5 31
8 64
9 140
6 51
6 53
1 3
2 4
2 8
5 47
4 25
6 42
7 62
6 29
6 16
5 41
5 35
5 32
7 66
5 35
2 4
6 59
5 47
6 59
9 96
3 5
4 21
9 107
2 4
7 66
6 11
4 6
5 7
6 53
5 40
2 4
6 39
2 8
4 30
7 82
8 78
2 4
2 7
8 109
5 24
6 8
6 17
7 29
6 68
8 90
8 73
7 82
1 3
2 4
7 17
10 103
6 68
9 127
7 93
6 32
1 3
7 59
3 17
6 59
3 9
7 62
9 86
2 8
9 98
6 59
3 13
4 13
1 3
2 4
8 84
7 44
8 109
7 54
8 99
8 110
2 4
7 57
8 68
8 90
7 13
9 14
5 30
5 33
6 36
7 60
8 77
5 36
10 111
9 95
3 17
3 5
6 36
7 55
2 7
4 22
7 93
2 4
7 73
4 14
3 17
7 12
5 32
8 102
6 8
4 30
2 4
4 30
7 74
8 89
6 53
9 107
4 6
8 109
6 59
10 106
6 27
7 12
7 13
4 15
8 59
8 109
8 70
3 14
9 140
2 7
8 82
6 24
4 15
5 32
7 70
1 3
5 36
5 23
7 83
7 48
7 82
8 98
8 91
5 24
8 35
1 3
6 27
10 125
7 62
7 58
5 36
8 85
9 79
1 3
8 93
8 30
6 24
1 3
6 59
7 60
5 36
2 7
1 3
2 5
8 122
8 48
6 52
1 3
2 4
7 82
1 3
9 93
4 18
7 64
2 4
2 4
7 70
6 59
7 74
7 73
5 32
4 30
3 17
7 70
6 68
7 66
6 47
8 26
5 25
8 75
8 122
7 70
8 14
7 60
7 93
1 3
3 13
9 140
7 73
9 140
6 49
7 66
4 22
5 31
2 7
5 15
7 82
8 74
7 66
5 40
4 25
5 33
6 42
4 6
6 36
8 46
6 16
7 29
8 78
5 24
5 36
7 66
6 44
3 14
6 52
8 109
6 11
5 7
8 10
3 13
5 39
5 15
7 59
8 74
8 92
8 98
2 7
5 35
7 59
6 60
7 93
7 18
5 33
6 8
1 3
3 9
7 58
5 34
5 17
8 70
8 75
6 31
7 66
5 38
2 4
8 90
7 93
8 61
2 7
2 4
6 68
5 40
9 108
10 136
6 52
7 68
8 10
5 23
5 32
9 92
4 25
4 15
8 81
7 61
7 62
2 4
4 25
1 3
5 10
7 61
7 59
5 47
8 109
2 8
8 122
5 47
7 93
7 73
1 3
8 43
4 19
9 92
6 8
8 74
7 84
5 31
9 128
5 11
4 22
8 80
7 82
6 60
9 127
7 62
6 68
4 25
7 73
2 7
2 7
4 25
3 13
5 35
7 24
3 5
3 5
3 15
4 22
7 93
6 68
7 82
7 82
7 82
5 32
2 7
8 75
2 7
4 23
5 35
5 7
4 22
2 7
2 4
5 40
5 15
2 7
6 31
1 3
5 15
9 105
6 59
4 6
5 40
5 31
6 43
8 99
7 64
2 4
9 127
3 13
2 4
3 8
6 44
7 17
7 73
4 25
2 7
8 78
7 82
1 3
5 28
7 93
2 4
1 3
4 25
4 6
5 15
8 98
6 44
2 7
6 44
4 10
2 8
6 8
8 94
8 95
6 36
1 3
6 47
8 109
6 68
7 82
3 17
7 64
6 52
9 96
8 74
4 22
1 3
6 24
7 48
5 31
6 59
4 22
7 59
6 68
7 9
8 82
7 93
6 36
10 140
4 30
8 59
8 83
4 9
7 9
4 22
2 7
7 18
9 109
6 33
3 13
8 98
8 109
1 3
6 68
7 47
3 8
8 109
4 21
6 44
4 21
7 74
3 14
3 13
6 45
7 82
8 50
6 12
5 35
3 5
5 40
9 116
7 73
5 32
9 86
3 5
7 52
1 3
7 82
7 67
6 47
7 57
8 98
1 3
3 5
8 89
9 54
6 68
6 33
7 73
6 37
5 23
2 7
6 45
8 71
6 68
6 52
2 4
1 3
3 17
7 93
6 59
3 13
8 44
6 68
8 109
6 53
6 53
9 95
6 46
5 35
5 35
8 68
6 44
2 8
3 15
6 48
3 13
1 3
4 21
6 49
8 109
8 109
6 16
6 30
7 62
5 32
7 53
8 87
9 127
5 35
4 15
6 68
9 107
7 93
8 99
8 81
8 82
7 41
7 93
7 74
10 118
1 3
9 40
3 13
5 31
6 43
2 7
1 3
6 52
5 33
2 7
4 26
1 3
3 5
3 5
9 124
5 40
9 95
2 7
6 42
10 119
1 3
5 11
8 76
8 83
4 10
7 60
6 45
3 13
2 7
7 66
3 13
4 22
7 50
6 68
5 16
9 140
5 33
7 60
8 109
6 32
4 14
6 68
7 57
7 48
1 3
7 63
6 17
6 52
8 109
7 9
4 21
6 59
5 24
6 68
6 42
5 31
9 59
7 60
3 17
1 3
3 14
7 54
9 140
7 73
7 62
7 93
4 26
3 13
9 35
6 68
4 21
6 53
9 127
5 31
6 12
8 99
3 12
5 40
6 11
6 52
6 68
2 4
8 109
7 66
8 98
3 14
7 50
7 61
6 37
3 15
3 5
7 66
2 4
1 3
7 73
4 30
7 93
4 22
7 9
9 76
2 7
8 62
2 4
2 7
6 68
6 44
8 11
1 3
7 12
4 22
1 3
7 74
8 77
9 97
4 6
6 68
6 48
4 19
2 8
2 4
8 77
3 14
7 68
8 109
8 74
5 35
9 102
8 73
7 66
9 76
9 128
8 71
8 74
7 74
6 68
2 7
6 59
1 3
4 30
5 47
9 140
10 91
5 47
7 67
6 68
10 106
9 95
7 61
5 14
3 14
5 40
8 50
8 110
2 7
8 83
3 15
6 10
3 15
7 68
4 25
4 21
7 46
6 68
5 47
3 13
7 55
9 127
6 54
7 82
2 4
7 57
7 70
7 93
6 27
4 19
8 79
8 95
1 3
6 32
7 69
6 44
7 93
7 74
7 54
6 25
2 4
7 82
8 74
6 60
6 43
7 8
9 97
9 57
8 109
9 110
8 73
6 44
7 51
8 77
4 22
3 17
6 52
8 98
7 62
8 99
3 14
8 74
6 45
7 9
6 8
7 67
3 13
4 30
8 92
6 52
8 65
5 32
6 48
9 98
5 33
9 22
2 4
8 38
4 7
2 7
5 33
8 109
2 7
8 77
5 31
9 93
1 3
8 122
6 36
8 109
8 74
5 47
4 10
6 39
7 66
3 13
4 22
9 140
7 93
6 56
8 78
8 94
6 47
3 10
5 32
9 127
3 13
9 101
6 68
4 14
3 17
7 67
4 23
8 10
5 47
2 4
8 122
6 8
3 13
8 89
3 13
6 60
8 122
4 25
3 15
6 53
7 50
1 3
2 5
8 75
7 61
7 93
3 13
7 73
2 4
8 78
2 4
4 24
6 60
6 68
4 22
8 86
2 7
7 58
8 75
8 94
2 4
8 84
5 15
6 60
7 57
8 122
8 91
1 3
6 13
6 60
7 61
3 8
1 3
2 7
7 82
7 58
7 17
2 4
7 93
6 20
8 99
8 83
3 13
5 30
2 7
9 140
2 7
6 11
4 21
9 96
10 102
9 120
6 68
7 73
8 98
1 3
3 5
3 13
3 5
6 49
8 98
5 23
9 72
5 31
5 31
6 53
6 52
3 13
6 48
9 108
7 54
7 20
2 4
7 59
4 12
9 140
8 109
1 3
5 23
6 52
7 59
7 36
7 65
7 43
8 61
1 3
9 78
6 53
8 74
9 96
8 98
4 21
7 71
6 68
2 4
8 94
8 75
3 17
7 73
9 92
10 141
8 63
2 7
3 13
7 61
7 42
1 3
1 3
5 10
10 125
8 98
6 47
7 93
6 49
4 30
6 54
5 31
7 93
5 31
1 3
2 7
4 23
6 42
1 3
8 90
4 15
5 22
7 59
4 22
5 31
7 60
2 8
4 6
1 3
4 21
6 52
7 73
5 15
8 77
10 128
9 109
9 96
8 89
8 62
8 38
9 140
5 20
3 13
8 122
5 35
9 104
10 127
10 20
6 18
8 70
1 3
8 109
4 22
1 3
1 3
3 7
6 42
6 68
6 43
7 35
5 47
7 57
3 14
8 81
5 10
8 75
6 68
2 4
6 36
8 89
9 127
3 13
5 40
5 15
5 31
2 7
7 93
8 83
3 8
1 3
7 53
7 9
7 74
8 122
6 37
8 23
2 7
7 70
1 3
3 14
7 62
8 98
6 25
2 7
6 35
8 75
3 13
3 8
10 136
6 32
8 61
6 16
7 63
7 62
7 57
8 77
8 109
5 22
4 21
5 37
8 89
4 21
2 4
10 13
9 140
7 45
4 25
7 58
7 82
9 105
7 62
6 68
8 36
3 14
7 25
9 92
8 95
6 46
7 54
2 4
8 77
9 140
6 47
8 74
1 3
4 15
5 47
1 3
1 3
8 98
1 3
8 71
7 38
6 59
7 57
6 37
4 21
5 37
5 7
9 127
5 10
4 21
8 122
4 22
7 83
9 27
2 7
7 49
2 4
9 99
3 5
3 8
6 68
2 5
8 95
1 3
9 116
8 83
7 78
5 33
1 3
4 23
2 8
8 109
8 109
8 60
2 7
7 49
2 7
4 30
8 98
6 33
9 80
9 89
1 3
6 28
7 82
9 116
7 12
4 23
7 82
2 7
8 30
6 45
5 16
2 4
3 14
7 93
8 98
9 66
6 48
8 40
4 30
4 22
5 27
6 68
6 47
7 75
9 140
3 13
1 3
6 47
2 7
8 68
6 68
3 17
1 3
5 40
5 36
7 93
8 98
5 32
5 32
2 4
1 3
2 6
8 94
5 7
8 67
8 50
9 44
8 99
9 35
3 7
7 73
5 7
4 21
3 9
1 3
8 109
8 93
4 16
5 47
8 86
3 13
4 15
5 35
7 66
6 49
9 100
1 3
6 44
7 59
4 21
1 3
2 7
9 92
7 66
6 32
9 105
6 43
8 62
6 44
7 26
5 40
8 89
8 83
2 7
9 100
7 73
6 45
2 4
4 21
5 32
6 59
3 17
6 32
2 7
1 3
7 73
7 59
8 83
9 108
3 13
3 14
5 31
5 23
6 52
4 30
7 74
7 34
7 62
8 87
7 70
9 62
7 22
6 68
5 32
6 43
4 14
6 48
7 60
3 9
10 91
1 3
8 50
2 7
6 44
7 59
9 107
9 107
6 52
3 17
6 59
10 95
9 116
3 5
3 13
7 82
6 8
5 31
7 82
7 60
5 23
8 74
8 74
6 43
5 31
4 21
7 82
1 3
1 3
7 66
2 7
6 46
2 7
9 127
7 93
3 13
8 58
7 63
8 40
9 82
6 38
2 7
7 61
4 26
8 122
4 22
7 59
8 62
9 116
6 58
6 56
7 82
8 90
5 7
9 127
6 59
8 122
9 92
8 10
3 13
4 30
6 54
5 26
7 63
7 12
2 7
8 109
5 32
6 45
6 17
6 59
3 5
2 4
8 93
8 74
6 8
8 61
1 3
3 13
4 25
7 66
5 32
8 109
2 8
7 82
7 9
2 4
4 21
3 15
3 14
2 7
7 82
6 59
5 40
8 35
2 7
8 73
8 59
4 30
9 140
5 32
6 45
6 68
7 60
7 59
6 35
6 59
9 92
1 3
1 3
6 12
4 14
6 45
10 116
6 68
4 21
7 62
5 31
1 3
6 43
4 14
9 116
7 9
10 76
7 93
8 89
5 22
3 5
8 98
3 8
7 83
7 93
8 19
7 58
7 65
3 5
6 59
6 59
8 87
3 5
8 94
8 122
6 59
8 55
10 121
8 107
3 5
7 93
5 47
6 52
6 68
8 122
8 82
6 68
5 7
7 93
2 7
3 5
4 15
8 91
8 10
5 32
8 109
8 78
8 62
2 7
4 6
6 47
7 70
6 48
9 128
5 40
8 80
4 30
7 12
8 82
3 13
8 10
6 52
1 3
6 45
7 57
8 78
5 47
6 59
6 52
5 35
6 52
6 60
7 53
8 74
10 117
7 66
1 3
8 74
6 48
1 3
4 22
9 127
3 5
8 93
9 105
8 39
7 78
8 13
5 23
7 59
7 93
7 82
5 32
5 33
8 89
7 67
8 122
9 127
2 7
6 52
8 110
8 83
9 96
8 109
5 7
7 24
6 59
7 53
7 68
2 4
5 33
9 116
1 3
3 5
8 84
7 66
3 5
1 3
3 13
7 93
3 13
4 6
3 13
8 58
7 82
3 5
7 50
7 61
9 140
6 68
4 25
5 7
8 83
2 7
1 3
7 67
3 17
4 25
3 15
9 127
1 3
6 47
4 22
8 13
8 66
4 22
7 73
7 82
3 13
4 25
10 123
8 81
9 128
4 21
4 24
4 21
2 4
6 8
6 49
7 73
2 4
3 13
6 45
3 8
2 4
5 33
6 48
4 18
2 4
8 78
6 50
7 63
3 4
6 44
8 74
7 62
6 47
5 26
10 113
1 3
5 47
6 68
7 74
5 33
7 93
7 43
1 3
2 7
2 4
8 109
2 4
7 73
8 78
7 51
7 63
2 4
5 7
4 30
6 59
9 116
3 17
8 55
8 98
7 59
4 6
4 25
5 35
7 11
4 21
5 40
4 18
1 3
8 109
1 3
3 8
7 9
2 8
9 140
7 60
2 4
5 31
8 98
8 10
3 14
3 9
6 44
8 13
7 93
8 109
5 40
7 34
7 93
7 59
2 7
2 4
3 13
9 100
5 47
3 14
6 37
5 23
4 21
8 10
8 78
10 136
4 25
1 3
5 36
7 28
2 7
7 73
7 67
7 93
5 40
6 37
6 52
3 13
4 22
5 35
3 15
7 74
7 73
8 82
6 59
9 140
1 3
1 3
3 13
7 73
7 82
8 78
8 84
6 31
8 98
3 5
7 34
4 22
8 59
8 89
5 11
4 21
8 46
7 62
7 82
7 73
7 82
8 90
4 21
3 13
3 13
4 14
2 8
2 7
3 5
8 82
7 73
9 44
8 122
2 7
7 62
10 160
7 73
5 32
4 21
5 19
8 77
6 43
5 31
8 91
8 95
7 54
3 15
6 52
5 7
4 5
5 15
10 136
5 35
7 82
3 8
9 128
2 4
9 99
5 22
3 13
6 28
10 117
7 9
7 93
5 35
5 47
6 8
6 52
7 18
8 82
3 13
4 16
7 32
8 84
3 5
10 86
8 73
7 66
7 62
5 15
3 17
1 3
7 93
1 3
5 36
6 10
5 22
8 110
6 68
7 93
7 73
8 98
9 127
6 59
9 108
1 3
9 100
6 36
5 32
8 74
7 57
5 33
4 26
8 109
1 3
6 52
4 21
4 9
4 9
1 3
8 122
7 61
5 32
7 47
3 13
5 20
7 11
6 14
2 7
10 40
5 32
3 10
7 93
2 8
5 36
9 122
3 13
7 57
5 47
8 62
8 84
1 3
9 104
6 35
5 10
6 43
2 5
1 3
2 7
5 32
6 68
7 62
8 87
5 40
1 3
1 3
5 7
6 68
2 4
8 62
1 3
4 12
5 35
8 35
8 10
2 4
8 81
2 7
1 3
5 40
2 4
7 60
6 44
7 63
6 44
1 3
5 47
6 31
6 47
7 49
7 35
5 23
3 17
2 7
3 13
7 60
6 9
6 16
1 3
9 117
9 105
6 37
7 82
6 37
7 82
7 48
8 84
7 93
6 52
9 92
9 40
9 117
5 31
7 83
7 25
5 40
4 23
1 3
8 89
5 47
7 73
8 81
4 25
5 10
3 13
9 140
6 33
3 9
3 17
4 14
9 50
9 127
5 30
8 99
6 68
6 46
5 16
2 4
3 13
1 3
8 109
1 3
8 35
6 68
7 9
4 22
8 89
8 86
7 43
5 26
4 30
3 12
8 43
8 85
5 47
1 3
7 80
6 52
5 35
3 13
6 53
9 95
7 58
1 3
1 3
1 3
7 60
1 3
8 74
6 37
3 17
9 75
7 13
9 111
6 68
6 68
1 3
5 47
7 93
7 9
4 22
7 56
6 31
5 35
1 3
5 31
6 33
7 93
7 82
8 45
4 10
5 35
8 74
4 23
6 45
1 3
8 98
7 65
9 109
9 117
1 3
6 18
5 31
2 7
1 3
7 82
8 77
1 3
7 39
2 4
5 32
6 52
7 73
6 8
1 3
3 14
5 47
3 13
3 13
3 13
7 61
9 108
2 7
9 110
8 99
8 67
7 93
7 57
9 116
3 17
2 4
5 16
5 8
6 47
6 34
8 78
5 40
8 99
4 5
4 25
5 10
6 44
5 15
3 13
5 31
4 14
7 64
8 76
2 4
5 36
2 7
3 13
7 73
6 53
2 7
8 82
7 82
8 122
7 93
7 25
7 52
9 124
5 32
6 52
1 3
5 33
4 23
3 14
6 52
3 5
9 117
8 13
7 48
1 3
2 7
6 23
5 33
5 7
9 124
2 7
7 60
3 17
7 93
6 40
8 89
9 23
5 32
2 4
6 59
8 89
7 49
3 14
3 5
4 22
1 3
2 4
2 7
4 21
8 99
4 14
5 7
5 40
7 83
5 40
3 5
2 7
5 32
5 6
3 17
4 26
6 37
4 30
6 44
3 8
8 83
9 27
8 77
1 3
6 52
8 122
5 21
8 82
9 94
7 58
8 73
7 47
1 3
9 104
2 7
4 6
3 15
6 53
3 8
1 3
9 100
4 24
7 93
7 60
4 21
5 33
10 125
8 122
6 47
2 7
7 12
5 21
2 7
6 48
7 93
4 25
8 109
7 34
8 109
2 8
8 83
6 52
9 82
7 58
6 36
5 22
5 23
8 76
6 59
1 3
5 32
5 35
9 140
8 83
7 62
9 51
1 3
3 5
6 52
7 82
5 7
7 58
3 13
4 14
2 7
8 95
3 5
4 22
2 7
9 11
9 95
6 27
1 3
2 7
1 3
3 13
6 51
10 55
6 23
4 9
6 56
8 75
7 82
1 3
7 74
8 98
7 58
3 13
6 25
9 95
4 21
4 22
2 7
3 15
8 64
3 5
6 43
7 59
2 8
4 22
6 59
3 13
7 93
8 89
6 45
3 15
8 89
1 3
1 3
8 91
3 13
4 9
9 127
5 31
8 13
8 90
10 57
2 4
8 61
4 22
5 15
10 113
8 122
4 30
7 54
4 6
4 21
7 71
7 12
3 8
7 83
8 78
5 22
8 62
7 46
3 8
2 7

Aggregate Results
SUBA States, Total Minimized Dimension, Number of Minimized Automata, Average Minimized Dimension
1 1737 579 3.0
2 4406 740 5.954054054054054
3 9564 836 11.440191387559809
4 17420 891 19.551066217732885
5 36668 1211 30.279108175061932
6 68007 1484 45.82681940700809
7 113484 1815 62.525619834710746
8 123289 1532 80.47584856396867
9 78289 781 100.24199743918054
10 13100 131 100.0
