// run time = .56s
// alphabet
a b c
// size of the target function
10
// γ of the target function
0 1 0 0 1 0 1 0 0 0 
// transition matrices for the target function
// μ(a)
0 1 0 0 0 0 0 0 0 0 
0 0 0 0 0 0 1 0 0 0 
0 1 0 1 1 0 0 0 1 0 
1 0 0 1 0 0 0 0 0 0 
0 0 0 1 0 1 0 0 0 0 
0 0 1 0 0 0 0 0 0 0 
1 0 0 0 0 0 0 0 1 0 
1 0 1 0 0 0 0 0 1 1 
0 0 0 0 0 0 0 0 0 0 
0 0 0 0 0 0 0 0 0 1 
// μ(b)
0 0 0 0 0 0 1 0 0 0 
1 0 0 0 0 0 0 0 0 1 
0 0 0 0 0 0 0 0 0 0 
0 0 0 0 0 0 0 1 0 0 
0 0 0 0 0 1 0 0 0 0 
0 0 0 1 0 1 0 0 0 0 
0 0 0 0 1 1 0 1 0 0 
0 0 0 1 1 0 0 0 0 0 
0 0 0 0 0 0 0 0 0 0 
0 0 0 1 0 0 1 0 0 0 
// μ(c)
0 0 0 0 0 0 1 0 0 0 
0 0 0 0 0 1 0 0 0 0 
0 0 0 0 1 0 0 0 1 0 
0 0 0 0 0 0 1 0 0 0 
0 1 0 0 1 0 0 0 0 0 
0 1 0 0 0 0 0 0 0 0 
1 0 0 0 1 0 0 1 0 0 
1 0 0 0 0 0 1 0 0 0 
0 0 0 1 0 1 0 0 0 0 
0 0 1 0 1 0 0 0 1 0 