SUBA size, minimized M2MA size, minimized DFA size
10 23 31
8 82 87
2 7 9
8 74 96
9 127 192
2 8 12
6 47 80
14 221 231
10 75 89
3 13 16
10 111 147
8 75 95
1 3 4
4 14 17
5 31 36
7 78 128
7 44 60
4 25 27
9 74 141
5 31 38
11 158 350
7 61 88
6 68 111
9 107 251
9 155 157
8 9 13
7 61 95
8 18 30
7 78 82
2 7 9
1 3 4
3 8 10
3 9 12
13 146 199
6 59 64
11 76 85
7 44 52
6 52 71
9 140 259
8 87 181
7 93 95
14 264 317
11 31 46
7 61 87
10 12 21
11 182 289
8 13 20
6 59 61
12 258 631
10 160 191
10 16 24
6 59 61
5 47 48
10 136 196
12 133 205
8 77 83
9 100 110
13 209 326
3 13 16
4 23 28
8 82 111
5 32 44
5 31 36
3 13 16
8 89 145
7 9 3
5 40 42
10 115 181
7 43 68
8 98 122
6 44 58
6 16 19
4 18 28
5 15 19
9 138 172
8 82 124
1 3 4
8 73 131
4 23 27
8 66 70
1 3 4
11 160 284
5 23 27
7 69 90
8 98 101
3 13 16
4 22 25
4 21 25
11 133 171
11 184 243
11 197 236
11 149 267
4 6 7
9 60 68
9 59 83
5 31 36
12 198 217
3 13 16
8 59 76
2 7 9
12 161 326
11 158 165
6 33 45
11 233 246
5 35 39
11 143 405
9 107 295
7 9 10
9 79 98
6 68 101
10 111 270
3 13 22
8 73 84
9 93 308
6 8 10
12 122 358
10 128 148
8 73 81
7 93 100
7 34 50
13 195 472
11 182 260
10 192 227
5 15 18
5 23 29
10 100 118
4 22 25
13 235 254
9 140 143
7 93 109
7 17 20
8 13 16
10 104 171
12 166 473
9 69 92
8 122 193
9 129 343
4 21 25
13 175 216
11 122 140
5 24 29
9 93 102
10 140 208
7 57 74
11 133 173
7 93 140
13 18 47
1 3 4
8 10 17
6 53 114
9 155 218
1 3 4
4 9 11
11 149 318
10 76 135
11 158 267
5 32 36
11 158 369
10 111 147
8 74 81
1 3 4
9 27 38
10 147 201
9 93 141
2 7 9
10 81 131
10 160 279
9 116 124
10 175 266
11 115 152
13 15 17
8 109 211
8 74 81
12 64 76
3 14 27
3 13 16
2 7 9
6 8 9
7 70 147
10 99 169
1 3 4
2 7 9
8 58 107
7 24 28
7 82 84
9 155 211
3 13 16
5 33 56
7 64 95
7 37 53
9 116 133
3 13 16
3 17 29
7 57 94
8 122 179
10 147 208
7 59 66
10 127 130
8 9 12
10 116 209
8 93 94
6 21 36
9 128 243
8 75 92
8 74 143
8 74 160
5 31 36
5 31 36
8 73 92
11 159 231
10 20 33
12 194 835
9 50 82
12 199 516
9 127 222
12 84 139
3 13 16
9 19 28
2 7 9
9 107 143
8 10 11
12 160 546
12 145 149
12 206 259
10 118 314
10 103 280
8 59 64
12 197 259
9 14 16
10 56 78
11 169 283
7 57 74
8 73 191
5 31 37
7 58 127
6 32 37
6 52 55
2 7 9
7 39 82
4 22 25
7 17 25
9 71 80
9 55 74
6 60 107
6 60 70
7 82 84
10 30 33
11 134 255
11 125 131
4 22 25
8 46 58
11 93 125
10 147 162
1 3 4
5 31 36
6 44 67
5 31 37
6 17 19
10 147 363
9 155 157
2 4 5
4 9 11
8 62 125
12 75 113
3 17 18
12 196 491
10 175 1047
5 7 13
8 77 83
9 99 255
10 21 28
4 21 27
7 93 139
6 36 39
8 82 104
9 155 186
11 194 268
6 44 50
7 67 167
3 17 18
2 4 5
7 44 61
8 82 126
8 78 217
5 32 36
8 76 89
9 92 151
7 57 94
9 91 100
8 76 119
8 22 36
13 264 556
9 95 255
4 23 27
7 33 44
5 33 38
1 3 4
6 18 22
10 40 50
6 59 61
10 111 191
6 41 43
8 99 281
6 42 80
7 57 64
11 158 208
8 78 155
11 146 193
2 7 9
10 125 143
11 134 418
5 7 8
6 47 73
3 9 13
3 8 11
8 10 11
12 221 255
10 120 183
6 47 82
6 68 69
6 23 27
4 6 8
9 14 16
10 64 77
10 91 100
7 59 87
5 32 36
10 137 216
8 77 116
9 136 138
4 6 7
7 57 64
10 96 158
11 197 320
8 45 51
10 115 123
8 89 328
10 160 183
11 142 262
11 214 351
8 98 123
5 31 36
6 33 40
11 147 268
5 35 39
2 7 9
3 17 18
13 112 122
2 7 9
5 31 41
9 122 140
3 5 6
11 20 27
10 74 88
7 71 77
7 73 77
8 64 71
12 182 216
6 49 51
8 79 124
7 9 13
6 20 21
3 14 16
9 100 227
4 14 17
7 19 30
11 182 218
8 109 111
9 117 209
7 60 76
3 5 6
5 15 18
6 33 45
10 109 201
10 147 156
12 83 93
10 92 139
5 31 36
4 23 28
6 47 51
6 43 57
12 197 261
4 14 17
8 59 76
11 198 322
10 143 145
2 4 5
12 37 5
9 67 80
11 148 165
6 43 49
4 15 24
9 140 208
6 44 58
3 5 6
2 7 9
14 202 252
6 40 42
4 9 11
4 9 13
8 73 82
10 113 211
9 94 118
9 116 214
3 7 9
8 58 65
5 15 19
12 199 515
10 156 162
15 267 354
7 57 130
11 135 373
8 89 122
6 48 60
8 74 84
5 39 49
9 73 92
13 57 72
14 311 416
12 169 265
6 43 49
12 79 115
12 13 16
8 109 146
10 121 275
9 79 138
8 20 23
7 28 34
7 93 290
9 120 432
3 8 10
7 70 106
8 122 123
5 31 36
9 98 102
14 83 97
9 92 101
3 13 16
12 177 316
9 111 125
6 47 75
5 38 40
10 124 430
1 3 4
7 16 19
9 107 124
10 175 203
10 129 176
7 57 64
9 67 87
10 111 137
13 232 333
10 136 143
8 62 138
4 21 25
11 72 80
10 141 498
9 91 219
7 25 29
8 89 130
8 122 195
8 74 81
7 82 104
3 13 16
6 23 27
14 92 116
2 7 9
7 48 51
11 91 165
6 59 61
8 109 172
4 21 25
9 155 180
7 17 20
8 78 96
11 163 201
7 61 66
13 232 799
3 14 16
7 57 64
5 26 29
9 100 224
10 192 248
8 12 14
11 233 248
4 21 32
7 62 69
4 21 25
9 41 57
8 69 97
11 111 252
8 77 83
8 98 159
5 24 27
9 35 47
8 122 123
9 129 223
4 22 40
6 33 37
9 155 178
6 43 49
8 75 88
8 102 351
7 43 45
11 151 235
11 183 505
8 73 81
9 140 239
5 31 56
3 8 10
7 66 70
9 155 276
5 40 42
9 101 107
4 9 11
8 109 262
10 63 90
8 98 153
9 36 60
8 74 82
8 74 210
7 59 61
8 79 86
11 28 36
10 192 495
4 23 28
9 91 102
3 13 16
8 74 152
1 3 4
12 197 874
9 93 355
4 14 17
10 115 246
10 126 221
3 13 16
2 7 9
6 52 160
11 118 322
7 57 64
9 109 113
2 4 6
7 50 60
13 162 312
8 122 342
4 9 13
9 82 140
11 214 219
12 122 329
7 8 13
5 41 93
8 94 104
8 122 239
5 33 46
9 127 143
4 9 11
6 8 9
2 7 9
9 13 15
11 158 249
1 3 4
13 209 574
11 135 302
2 7 9
2 7 9
11 89 104
5 7 8
6 20 25
3 13 16
9 96 102
8 83 95
4 21 25
6 32 37
3 13 16
5 40 73
8 73 127
8 92 199
5 15 18
7 45 64
3 13 16
7 44 50
8 59 66
8 81 85
6 24 29
12 162 479
9 71 204
8 98 133
6 31 44
4 14 17
5 47 48
8 109 167
8 59 65
9 92 129
3 13 16
9 68 141
3 13 17
12 214 293
9 127 245
5 23 28
10 115 190
9 71 76
10 27 40
11 16 19
8 98 153
14 234 306
10 127 137
6 44 57
11 134 217
10 107 156
11 214 272
7 40 70
10 47 83
12 94 136
4 30 31
1 3 4
2 4 5
6 24 41
7 93 119
7 57 65
11 182 186
7 17 20
9 127 197
8 59 71
9 19 27
1 3 4
10 27 32
10 41 47
10 112 134
10 42 91
7 52 56
7 57 64
13 241 352
10 61 80
12 100 256
10 147 169
8 68 73
6 17 21
12 122 130
6 68 107
10 148 151
11 137 195
7 73 86
8 98 182
7 66 112
8 109 134
7 52 62
12 182 218
6 44 49
10 192 1358
10 136 165
10 148 180
5 31 36
10 129 147
7 9 10
4 10 13
9 91 100
7 57 64
9 127 198
6 53 335
9 36 41
8 38 47
7 73 76
10 119 122
10 78 90
7 82 84
13 114 138
3 13 22
7 83 244
10 68 90
11 90 114
1 3 4
5 40 43
11 13 14
8 83 285
10 111 132
4 21 25
12 161 203
8 45 62
9 92 104
5 11 17
9 79 190
11 149 484
4 23 34
5 15 18
8 59 85
8 73 128
8 90 348
8 89 149
11 142 163
8 8 10
7 66 207
12 173 212
5 47 64
2 7 9
8 84 151
9 14 3
9 71 96
5 22 26
8 63 183
8 109 161
9 116 282
11 59 69
4 21 25
12 238 739
8 73 91
4 14 17
10 175 252
6 52 55
6 19 21
8 76 184
12 278 389
9 100 134
12 158 271
9 78 118
12 158 241
7 59 62
7 82 84
13 264 386
2 4 5
8 77 142
11 182 221
8 10 11
3 13 16
8 30 42
5 31 36
8 89 93
5 22 26
1 3 4
2 4 5
4 30 31
7 24 28
7 58 74
10 136 164
5 31 32
9 84 162
5 47 62
10 111 133
7 61 66
8 73 83
13 196 628
11 147 223
6 16 19
11 67 95
3 5 6
6 59 69
10 147 304
6 68 74
11 139 315
1 3 4
9 93 101
7 35 77
10 147 279
2 7 9
11 91 111
7 73 76
8 73 148
4 30 31
9 127 285
6 52 78
9 108 154
10 171 312
9 107 202
6 47 48
1 3 4
10 160 1418
9 155 400
10 73 90
9 92 100
7 73 103
5 10 12
3 8 10
13 184 341
9 123 141
5 15 21
8 64 90
12 143 153
4 13 19
5 23 26
10 175 750
5 40 44
11 158 218
9 102 148
8 98 122
6 7 8
7 59 64
10 175 285
10 47 55
10 127 191
3 5 6
13 192 385
8 105 300
13 43 63
9 71 75
10 122 218
8 109 115
1 3 4
7 69 169
5 31 36
11 214 216
7 43 51
12 50 62
1 3 4
9 93 136
5 7 8
9 116 137
4 14 19
9 100 103
10 115 145
2 7 9
2 7 9
10 13 25
5 10 12
8 84 96
9 155 2156
5 35 67
7 66 79
4 25 40
8 74 110
9 63 65
9 140 143
6 68 69
10 113 163
8 122 144
14 247 324
10 147 151
10 89 154
14 236 299
6 20 22
7 93 151
11 116 187
13 235 262
11 233 767
7 48 64
5 10 12
3 13 16
10 19 4
5 22 26
7 67 73
6 11 14
11 92 116
9 90 104
3 13 16
8 77 94
6 16 19
7 44 64
6 44 111
10 136 244
12 139 182
5 40 42
10 106 116
3 17 18
7 73 101
10 175 435
8 19 23
12 107 127
6 31 36
6 52 55
8 62 100
3 13 16
3 13 16
6 12 15
7 47 106
5 22 26
8 49 54
9 23 35
6 55 68
11 149 200
2 7 9
3 14 17
9 138 157
8 67 71
10 77 85
11 148 290
6 60 64
13 247 931
7 82 84
9 128 326
5 35 39
9 95 103
10 100 109
10 55 100
6 8 9
11 153 578
4 22 25
13 166 351
7 57 73
9 93 138
12 110 122
8 98 140
11 134 175
4 9 11
8 95 107
9 95 96
9 117 182
8 74 81
9 122 176
4 14 17
6 42 73
10 113 135
6 47 78
8 62 92
3 13 16
10 161 264
11 160 281
6 59 61
6 43 101
10 111 122
10 120 158
4 21 25
9 85 145
9 100 130
5 26 29
2 7 9
8 58 65
9 107 112
10 67 74
9 39 55
5 27 35
6 18 26
6 8 9
8 27 34
13 260 426
7 73 76
5 47 54
11 197 370
11 113 122
9 84 95
11 76 118
6 33 45
3 13 16
10 117 254
11 143 222
9 124 126
10 175 243
7 73 80
2 7 9
4 21 25
13 240 336
9 84 139
10 91 203
6 32 43
3 9 12
15 228 321
10 161 680
10 27 47
7 59 81
5 7 8
12 166 276
11 214 306
12 201 434
1 3 4
4 6 7
6 43 49
6 34 40
14 150 308
2 4 5
10 127 205
4 6 7
11 147 183
4 14 17
7 24 28
10 45 69
6 47 51
14 227 240
8 74 161
11 127 177
6 33 38
7 82 95
3 13 16
9 97 104
7 12 16
7 74 163
7 66 80
4 21 25
7 68 96
4 21 25
13 162 359
7 66 71
8 73 81
5 7 8
11 142 233
5 24 28
5 31 36
7 12 14
10 49 78
11 160 196
7 47 67
11 95 241
8 89 94
11 114 154
12 238 303
9 107 114
6 49 61
4 21 25
12 187 217
6 45 92
13 39 45
10 114 479
10 136 177
6 44 49
1 3 4
5 31 36
13 196 691
4 14 17
4 30 31
9 96 427
2 7 9
9 94 187
5 35 74
13 178 231
9 155 200
11 143 234
5 26 28
8 76 166
7 73 229
11 175 792
5 31 55
12 197 249
14 218 547
6 44 67
9 117 296
5 10 12
5 11 19
11 117 239
12 140 206
12 145 274
9 50 70
9 123 256
1 3 4
4 5 6
11 121 430
15 117 142
9 87 156
8 89 139
7 44 58
7 57 64
12 151 239
7 93 199
10 21 28
8 74 129
12 199 462
11 233 673
8 82 182
11 148 585
14 332 571
12 235 1048
2 7 9
5 7 8
11 233 837
6 47 51
4 9 11
4 22 25
8 122 159
9 73 190
12 166 209
9 36 42
11 38 58
14 311 1118
8 35 46
6 8 10
9 92 134
6 43 49
10 148 403
12 103 135
13 146 524
8 122 123
9 91 181
12 174 224
4 6 7
13 100 152
7 42 47
12 193 444
7 57 73
11 158 235
7 58 59
12 193 579
5 40 65
5 31 36
4 5 6
3 13 16
1 3 4
9 92 165
3 14 16
5 7 12
7 11 15
10 121 127
1 3 4
9 94 143
4 21 25
9 91 227
5 15 18
8 86 89
10 75 193
10 121 147
7 82 169
4 22 25
13 238 583
7 68 91
11 122 182
11 161 191
1 3 4
3 9 12
14 233 305
8 74 174
9 96 219
8 95 163
11 233 534
12 173 846
12 165 525
3 13 16
14 203 399
9 55 63
6 59 61
3 13 16
7 57 64
12 55 63
9 138 201
12 182 466
15 248 439
11 167 194
9 47 53
12 158 187
7 9 12
6 43 50
12 192 268
7 93 98
10 15 26
8 89 183
9 93 126
8 85 480
10 128 216
4 6 8
10 12 2
8 122 1037
7 82 199
13 95 200
10 87 96
8 71 220
9 116 165
10 127 151
14 232 337
10 140 212
11 182 364
4 6 7
9 117 120
7 45 69
8 55 92
10 136 222
11 133 451
8 89 148
10 175 457
5 34 45
6 59 61
6 8 11
4 14 19
4 22 25
9 116 323
10 147 389
12 178 283
11 157 203
7 61 67
11 150 198
11 120 203
10 124 200
7 59 115
4 21 27
5 19 24
7 77 78
7 57 101
9 155 357
3 9 14
11 214 805
13 99 321
13 186 389
10 38 64
8 79 96
14 248 325
12 221 300
10 101 218
12 174 555
13 183 686
4 14 17
10 140 723
6 43 49
11 37 70
4 13 17
12 14 27
6 52 101
15 385 1376
1 3 4
9 10 16
14 260 737
3 13 16
5 10 12
7 69 215
15 246 538
8 122 233
12 30 36
7 46 90
7 61 67
10 192 693
12 158 291
4 30 35
12 182 399
6 43 49
12 195 597
6 34 40
7 40 45
9 117 174
7 61 157
9 81 192
6 43 57
11 161 305
12 206 698
7 60 132
6 47 72
8 18 38
10 112 173
13 236 307
13 240 1186
10 12 14
7 9 10
8 122 142
12 38 54
1 3 4
10 92 135
7 57 73
8 51 53
2 4 5
14 213 314
8 78 372
9 69 151
11 160 235
12 221 1174
9 117 227
5 40 42
1 3 4
6 48 51
2 7 9
14 127 189
3 17 28
10 110 112
11 16 27
6 44 51
2 4 5
4 26 86
12 126 146
13 140 157
11 149 461
7 43 49
11 169 240
11 142 163
8 84 157
11 121 146
10 101 245
9 91 111
12 164 862
14 293 629
11 133 324
10 148 171
14 266 379
4 22 32
7 27 32
9 140 533
12 184 1074
9 155 258
9 26 42
5 35 73
13 171 207
7 93 300
2 4 5
2 5 6
10 28 40
8 17 21
3 13 16
9 76 115
4 16 19
13 235 593
10 192 401
10 93 152
8 73 79
10 149 392
6 44 51
8 89 171
11 42 56
7 66 145
12 238 1386
6 68 163
14 149 276
7 59 75
13 247 531
9 93 210
10 106 121
10 117 205
10 192 697
15 193 285
5 31 36
9 19 24
5 21 28
6 52 55
13 283 847
8 18 24
13 199 972
3 13 16
7 22 28
9 69 136
10 51 78
2 7 9
11 182 359
7 59 97
9 117 242
13 187 303
4 6 7
8 60 75
9 20 24
12 216 753
10 127 186
11 141 524
11 197 530
5 19 20
6 16 19
11 65 101
3 13 16
9 35 53
7 57 99
9 91 100
11 137 216
7 67 117
11 149 379
11 197 1835
11 146 237
12 208 371
4 6 7
9 92 175
2 4 5
13 247 740
4 21 25
8 75 83
9 110 141
11 28 5
9 79 255
9 100 256
12 238 811
11 46 64
11 197 216
6 8 9
4 21 25
14 260 548
12 162 315
8 75 104
8 13 20
2 7 9
5 40 42
11 104 263
4 21 25
9 155 222
11 169 430
7 67 142
8 74 106
1 3 4
8 122 165
11 182 222
12 238 811
8 107 281
10 160 225
10 52 96
2 4 5
6 44 49
12 53 84
5 47 48
12 257 1745
1 3 4
3 17 18
10 128 189
10 136 327
7 52 101
1 3 4
7 68 91
10 14 22
13 199 365
9 77 83
8 109 127
9 155 582
6 16 21
8 89 170
12 140 391
10 156 460
6 48 52
7 93 162
14 247 541
12 165 292
7 17 22
11 120 485
9 128 313
7 61 70
9 96 1170
9 127 337
11 142 316
7 57 66
13 161 550
10 136 250
12 158 291
1 3 4
10 71 121
11 144 196
9 47 121
9 63 99
10 147 198
10 175 465
2 7 9
1 3 4
9 105 242
11 197 259
5 32 37
1 3 4
11 149 184
9 11 17
9 95 121
7 31 71
9 99 153
11 158 169
10 142 204
8 122 416
5 10 12
9 96 236
11 114 127
13 194 1111
8 77 134
8 61 89
6 42 47
7 93 119
10 115 124
11 148 253
4 14 17
10 173 376
11 197 290
6 20 35
9 127 155
9 104 202
11 149 296
10 128 137
2 4 5
6 16 27
14 332 764
9 140 664
3 5 6
5 15 21
1 3 4
3 5 6
8 99 228
9 76 138
10 147 248
10 28 70
6 8 9
9 37 41
11 233 358
12 162 227
9 127 130
6 68 115
11 138 177
12 257 842
13 29 65
13 166 292
5 10 15
10 109 202
4 9 11
11 130 199
3 9 17
14 179 428
13 233 394
2 4 5
10 75 148
11 117 407
11 139 721
7 58 67
11 130 539
8 76 98
8 79 122
10 175 364
6 47 51
10 192 280
8 84 238
10 127 275
10 160 163
5 10 12
11 148 178
8 122 326
9 117 142
6 16 19
6 43 49
8 122 140
7 33 38
1 3 4
12 167 722
12 158 381
7 59 98
5 15 21
4 16 21
9 116 301
10 147 484
9 92 218
8 122 551
4 22 40
11 214 236
3 8 11
13 135 332
8 74 171
10 127 185
7 82 108
6 44 58
5 10 14
8 76 122
8 58 83
10 46 52
7 57 73
9 98 127
7 58 64
10 136 153
4 22 40
9 109 112
10 140 226
9 10 15
5 27 65
6 33 56
8 45 73
5 32 37
4 14 17
4 19 21
2 7 9
11 182 577
8 39 54
9 91 161
8 77 249
12 158 216
10 156 343
7 52 55
11 160 164
10 136 513
13 80 131
11 139 691
7 45 108
10 122 721
2 8 9
9 75 82
9 99 164
12 197 470
8 83 239
9 140 459
12 162 403
3 5 6
2 4 5
9 78 94
10 161 254
9 129 168
10 140 144
2 4 5
8 73 82
11 138 449
6 26 31
7 57 101
10 192 275
9 129 171
8 73 83
9 111 151
15 277 812
11 150 185
10 152 189
11 197 561
7 44 52
9 14 24
11 233 792
12 97 250
10 132 188
4 25 31
8 93 97
8 59 135
4 21 25
12 214 573
8 93 154
9 12 14
9 109 170
12 210 922
1 3 4
7 49 63
6 47 51
6 35 39
1 3 4
7 93 158
11 163 446
8 10 17
9 32 37
11 70 125
4 21 25
9 90 94
2 7 9
11 149 170
9 66 78
9 100 204
12 106 281
13 173 294
12 191 636
6 45 66
13 135 553
10 69 80
7 62 176
10 102 162
11 150 233
11 171 520
9 155 167
9 10 15
3 13 16
14 219 480
15 197 375
13 201 400
10 92 137
10 137 153
10 111 215
9 90 366
11 22 65
13 179 216
9 93 236
7 17 23
7 83 85
10 122 129
10 121 448
3 5 6
11 159 212
7 61 67
8 78 148
12 149 428
11 183 1116
11 146 394
6 43 49
9 98 303
10 36 61
1 3 4
12 81 98
12 192 621
12 13 2
9 103 327
11 121 506
11 153 302
6 41 47
8 98 155
14 220 699
9 68 101
7 57 104
11 115 156
7 42 52
10 94 244
11 182 403
7 26 36
5 32 42
9 92 185
9 100 133
4 30 37
11 114 502
10 127 188
7 12 14
8 38 41
11 197 201
10 20 31
9 85 172
6 43 66
8 73 101
9 124 130
1 3 4
11 56 70
10 111 146
13 203 447
11 129 280
11 177 516
10 59 79
12 166 408
12 158 435
13 232 454
11 233 277
12 178 263
10 115 334
3 13 16
12 169 228
11 142 360
14 23 32
12 157 216
12 42 78
13 247 327
13 232 627
11 112 124
5 31 36
1 3 4
10 138 356
7 82 107
10 115 299
10 155 424
11 193 356
9 92 112
1 3 4
7 54 93
13 168 301
10 56 97
11 197 397
1 3 4
9 155 176
10 116 149
3 8 10
11 159 167
5 40 42
4 21 25
5 15 25
11 145 289
12 257 513
8 74 223
12 170 559
4 23 28
7 34 57
11 214 239
3 14 19
2 7 9
12 207 571
10 175 236
6 24 31
9 155 159
11 154 678
9 75 121
8 99 143
12 183 361
11 104 239
12 182 468
9 111 210
12 235 901
11 197 695
14 211 342
6 59 93
1 3 4
7 62 113
6 45 59
2 7 9
7 93 214
9 155 157
5 35 38
10 118 346
6 11 13
6 31 65
8 77 129
2 7 9
9 140 237
13 259 441
5 35 46
11 143 369
9 128 268
12 182 1039
14 227 802
8 9 13
1 3 4
3 13 16
12 221 420
12 164 290
1 3 4
10 136 215
13 223 259
4 30 32
8 105 122
9 107 290
7 73 95
13 106 159
4 9 11
11 117 123
9 117 430
10 175 451
4 25 30
13 166 287
8 34 42
7 61 110
9 127 236
6 43 57
11 170 181
8 82 170
11 113 180
9 11 19
10 117 125
10 96 100
11 121 293
11 153 245
8 61 66
3 13 16
13 107 216
12 62 76
12 217 544
10 161 391
11 134 561
9 96 118
9 99 140
8 82 512
2 4 5
4 14 17
9 140 599
10 175 2817
11 151 528
7 66 109
4 21 25
12 161 427
9 117 185
6 8 18
5 47 51
4 21 25
5 31 44
10 140 489
11 201 476
1 3 4
10 100 267
10 148 199
7 26 27
10 128 386
10 160 202
10 45 77
2 7 11
6 24 30
8 122 230
14 266 557
7 57 73
1 3 4
9 15 40
7 53 56
13 30 5
9 107 112
13 219 345
10 109 185
11 117 256
2 4 5
12 22 38
14 332 538
7 9 11
11 151 217
8 57 85
11 158 365
14 145 564
9 109 161
7 93 94
13 189 248
12 29 42
4 21 25
11 118 193
6 37 68
14 247 616
6 33 42
11 197 714
7 13 18
7 61 172
14 284 887
11 197 680
11 175 633
1 3 4
11 119 134
7 61 66
9 75 242
9 120 284
10 12 24
10 162 708
9 99 367
13 162 571
9 60 99
10 118 414
10 155 545
13 180 973
7 82 173
7 44 50
9 155 240
3 17 40
11 214 909
4 21 25
7 61 66
3 5 6
7 9 13
7 43 52
9 117 132
12 185 367
12 278 2693
13 197 335
1 3 4
3 15 18
9 88 137
13 188 205
3 17 27
13 238 775
2 4 5
14 16 34
8 82 89
12 150 578
6 68 91
8 82 98
10 175 453
11 135 744
13 247 327
6 68 69
1 3 4
8 74 182
10 127 194
5 15 20
9 11 13
7 68 69
9 100 346
8 10 12
8 58 119
9 102 253
2 4 5
11 148 423
7 54 57
6 11 20
9 95 125
6 48 86
9 100 204
8 46 112
11 151 424
13 327 1095
7 66 85
10 53 82
13 124 293
8 45 89
6 59 61
9 127 149
9 93 259
7 9 10
11 121 309
7 42 44
5 19 25
9 9 11
1 3 4
10 118 345
13 92 106
6 53 55
11 214 470
13 232 830
8 77 107
12 257 537
11 182 210
11 215 420
11 153 353
7 62 86
12 167 720
8 109 182
4 13 22
14 315 915
6 68 107
4 22 41
11 182 796
3 8 10
3 13 16
13 208 244
13 247 339
12 149 544
8 98 103
12 84 177
5 31 36
9 94 227
9 93 114
7 93 126
8 82 214
9 104 219
10 116 186
7 61 66
11 137 301
4 14 17
6 24 34
6 8 9
3 5 6
10 111 121
7 77 83
3 15 18
3 8 13
10 176 367
10 175 521
13 22 54
4 6 7
5 15 18
9 104 338
12 238 325
10 111 151
9 101 187
5 34 55
7 68 75
9 91 210
9 100 117
8 109 189
7 30 31
6 43 49
10 101 417
10 20 41
9 111 173
9 96 171
13 189 613
10 115 123
12 138 201
6 47 62
3 5 6
12 135 206
12 191 407
4 15 17
9 97 266
9 101 343
11 136 748
12 87 168
13 284 2160
7 93 196
4 6 7
9 127 138
13 264 2262
9 72 105
8 109 127
12 174 609
12 149 545
9 120 231
5 33 71
10 82 97
9 116 247
14 292 2140
12 222 1099
11 182 254
9 62 102
12 193 781
7 75 124
9 48 93
5 47 67
9 108 192
9 91 184
2 7 9
12 278 5490
14 281 485
8 67 96
7 74 155
4 25 27
10 148 353
1 3 4
12 206 329
12 111 176
8 82 119
2 7 9
8 78 227
13 150 318
4 14 17
9 110 229
10 147 366
5 26 36
8 50 97
10 161 623
12 97 321
11 82 220
11 176 703
11 66 206
1 3 4
11 197 649
7 93 258
13 189 705
7 66 214
2 4 5
6 45 69
2 8 12
5 10 14
11 233 640
10 94 248
12 235 664
7 44 61
14 293 442
10 15 44
11 169 465
4 10 14
12 193 549
4 21 25
12 115 356
11 161 218
5 32 51
10 16 22
8 122 410
11 158 226
2 7 9
4 30 41
7 82 241
8 84 99
11 70 127
12 70 204
5 40 42
7 57 85
5 15 20
11 169 956
10 115 347
13 258 1154
11 149 273
11 176 983
12 152 312
10 92 158
11 144 801
9 95 231
13 233 1921
14 155 487
5 22 36
12 183 463
8 98 299
12 171 521
7 82 95
11 158 182
12 136 684
11 171 876
7 26 42
5 10 12
10 112 235
2 4 5
12 206 530
5 36 38
14 79 135
10 148 290
7 10 15
1 3 4
11 214 3459
6 24 64
11 182 316
1 3 4
14 234 1201
12 193 311
10 117 169
8 122 141
9 155 782
10 20 53
11 87 111
9 108 273
14 293 1713
12 159 252
5 22 26
9 107 308
9 101 195
11 197 518
10 175 177
9 40 55
9 107 225
3 5 6
7 93 113
10 171 549
8 14 27
15 293 1147
14 304 3420
1 3 4
12 179 615
13 200 1068
4 18 19
13 232 796
10 175 327
3 9 10
2 7 9
2 7 9
1 3 4
12 134 345
3 14 24
8 122 207
9 91 149
13 210 399
13 233 1231
8 52 64
11 52 58
13 248 745
7 82 145
12 235 339
12 238 1415
6 10 15
10 147 196
10 136 314
8 101 725
5 15 18
11 169 736
5 22 37
11 159 574
10 192 817
12 278 1410
6 43 58
10 147 298
5 31 36
6 45 53
12 167 875
5 40 91
10 91 212
13 304 828
14 311 2478
6 25 39
12 184 517
14 355 5568
6 41 48
3 13 16
13 183 1033
12 182 520
12 257 1584
9 155 758
14 292 3135
13 251 721
2 4 5
12 177 719
13 116 285
4 25 51
9 95 110
12 235 1411
14 219 383
9 140 268
6 16 20
9 84 94
13 304 1362
15 242 677
9 84 267
12 74 139
9 95 263
10 109 410
3 9 12
10 112 182
7 73 136
3 13 16
12 257 1354
8 82 112
12 198 334
6 57 58
5 35 40
6 46 52
9 101 330
7 67 113
2 4 5
5 27 38
12 221 299
11 137 468
10 112 238
9 107 243
2 4 5
11 146 277
9 75 183
11 134 596
11 58 67
8 109 270
6 60 61
11 13 26
4 21 27
7 70 156
2 7 9
14 283 727
7 67 119
12 193 2269
11 149 2761
8 49 73
13 208 927
8 93 321
12 206 2240
9 36 40
12 168 376
6 47 51
12 222 414
4 21 31
8 77 93
1 3 4
7 66 124
13 14 53
10 93 380
3 14 16
2 7 9
9 79 331
1 3 4
5 31 51
5 35 49
9 155 487
11 212 1190
6 41 43
13 191 315
14 211 804
7 62 119
2 4 5
12 39 54
8 109 120
5 32 36
14 40 80
2 7 9
6 49 67
10 71 337
13 177 335
10 175 644
12 238 1725
13 200 901
12 174 549
8 89 107
13 63 163
8 10 2
2 4 5
11 214 301
9 77 128
9 124 398
6 52 55
14 311 1489
12 174 225
15 266 1591
3 13 21
5 23 31
4 23 27
5 34 57
10 128 771
3 13 16
13 202 489
5 41 72
1 3 4
11 32 87
2 7 9
5 47 58
15 238 613
4 6 7
3 13 16
1 3 4
5 22 26
10 150 566
12 216 571
4 10 18
7 47 53
11 144 330
13 304 904
11 182 541
10 136 417
13 193 769
4 26 40
11 90 216
5 15 18
4 14 17
11 77 119
11 86 252
13 219 387
10 157 711
7 57 73
4 10 11
3 13 18
3 13 16
13 304 1246
8 100 115
14 279 841
13 283 1743
9 141 763
13 177 1173
10 21 54
8 122 518
2 4 5
3 13 16
1 3 4
9 127 181
10 152 232
10 115 689
13 208 953
11 95 165
10 175 233
6 59 61
3 13 27
7 78 252
6 43 68
13 235 2740
5 22 32
12 23 42
10 192 616
1 3 4
3 13 16
13 327 509
1 3 4
11 123 383
15 363 1074
9 113 174
12 238 900
4 22 28
3 14 22
9 140 184
11 128 357
7 33 62
9 140 190
10 129 177
13 247 2032
11 178 298
10 111 193
7 18 21
1 3 4
10 120 722
6 15 19
13 232 1164
11 97 172
13 124 185
13 194 518
10 175 397
14 260 4381
8 50 100
11 214 867
4 14 17
13 264 2208
9 44 49
12 14 79
15 245 1926
6 31 36
6 20 23
5 15 18
9 140 580
5 7 15
6 52 77
8 82 282
8 85 372
14 163 249
7 73 149
11 144 258
11 158 397
3 8 10
9 27 45
12 182 517
13 221 336
13 304 701
6 43 79
6 68 82
11 233 11153
9 14 3
8 82 104
11 46 126
1 3 4
1 3 4
7 61 252
11 95 229
10 11 17
10 175 1733
5 34 58
12 221 1173
2 7 9
13 259 493
2 4 5
6 43 49
10 160 254
5 36 37
4 14 18
1 3 4
7 43 93
13 188 1018
4 19 32
12 183 782
9 107 521
3 5 6
9 72 189
13 91 163
7 32 82
7 82 185
11 233 2405
8 89 195
12 168 646
11 214 1199
1 3 4
4 25 27
3 5 6
13 258 1132
9 85 225
9 109 194
9 155 567
13 283 2016
12 15 37
2 7 9
11 134 351
6 46 75
11 159 444
7 29 62
5 23 26
6 47 110
1 3 4
5 31 32
5 47 67
12 121 765
13 264 919
13 219 747
13 209 387
8 75 145
10 94 153
5 36 53
7 80 242
10 100 209
3 13 16
12 258 650
12 238 2746
10 147 264
6 8 9
9 110 281
11 214 1748
7 33 40
11 214 241
13 327 1157
14 126 333
12 14 66
7 73 91
5 15 20
5 30 31
11 143 451
12 143 432
7 82 212
7 58 69
9 140 321
7 33 39
13 143 373
11 26 46
13 182 491
3 14 19
9 100 144
8 109 537
14 170 215
13 257 964
11 61 74
7 93 461
2 7 9
7 62 105
13 160 560
1 3 4
13 213 919
12 63 103
7 23 27
12 199 203
9 100 133
13 22 44
13 104 230
8 90 372
10 128 313
5 40 42
8 83 145
12 183 344
9 76 263
12 210 3822
7 43 84
10 147 189
9 92 216
11 176 386
5 32 39
10 147 359
7 93 151
9 140 263
6 59 275
7 57 64
10 157 416
11 134 353
5 31 38
5 30 55
6 16 20
12 195 495
7 39 64
6 56 211
10 120 154
8 10 14
3 17 21
13 241 575
11 159 588
3 8 10
14 224 712
10 116 230
9 141 450
13 210 962
9 80 216
2 4 5
9 155 516
14 232 866
13 247 771
13 304 764
10 157 262
9 140 392
12 206 318
11 130 311
11 70 86
10 192 1273
3 14 24
12 182 689
12 104 584
14 332 1588
4 30 57
10 192 722
8 73 202
1 3 4
6 47 80
10 175 198
11 123 188
15 249 748
8 89 115
1 3 4
9 155 303
13 247 1139
9 116 239
12 278 1818
9 92 114
11 123 353
15 277 2171
8 39 94
2 7 9
8 82 221
8 10 15
11 159 583
11 135 515
13 259 2063
12 194 493
12 158 184
14 231 693
10 192 441
13 258 1398
1 3 4
8 79 110
11 131 192
11 169 670
12 96 117
13 221 735
13 236 663
12 132 354
12 182 1140
13 186 1057
8 73 169
10 127 363
5 31 36
11 150 230
2 7 9
5 31 36
12 166 1008
1 3 4
1 3 4
9 116 202
14 262 916
13 212 1150
7 60 75
12 146 210
14 248 2140
10 131 406
11 182 669
2 4 5
10 111 296
7 50 123
13 208 1053
14 311 1459
11 214 958
11 111 297
10 127 201
13 25 4
14 261 1146
4 21 25
10 136 230
3 13 16
11 106 276
11 50 139
2 7 9
10 128 339
1 3 4
7 73 118
11 144 333
10 64 137
7 19 23
7 52 70
12 238 2762
3 8 10
8 78 465
11 174 310
8 10 14
14 311 1649
13 283 1117
13 208 546
9 107 139
4 25 27
9 92 194
11 182 340
12 206 947
6 68 84
13 193 369
7 13 21
2 7 9
10 160 342
9 101 315
2 7 9
9 95 267
13 280 1555
7 82 124
8 99 592
1 3 4
5 40 43
12 233 794
9 116 132
13 232 649
12 183 1219
13 199 472
13 96 289
3 13 16
12 235 1841
14 250 1251
4 9 11
11 197 421
12 238 1059
7 64 83
7 58 148
12 206 582
4 30 31
12 184 385
13 248 1055
12 182 749
12 221 524
2 7 9
4 10 14
9 109 353
13 179 506
4 14 17
7 68 77
9 101 161
12 161 639
9 128 665
13 178 959
8 122 295
8 60 67
11 121 446
13 264 1375
12 182 1807
11 149 343
10 192 1084
1 3 4
2 8 9
9 141 450
13 116 382
12 182 596
11 147 324
13 176 374
6 52 110
10 138 397
11 214 998
3 13 16
13 219 2232
7 44 50
11 177 956
7 62 140
7 66 164
5 31 45
11 169 289
7 18 31
12 129 353
5 47 87
11 143 525
10 92 176
12 238 619
8 60 72
11 197 1622
11 145 581
11 159 671
5 15 18
11 143 391
10 125 496
13 248 1416
9 116 138
3 10 17
11 125 311
9 140 142
2 7 9
6 59 119
10 13 22
14 262 1102
9 109 227
10 112 247
4 14 18
12 138 654
12 184 282
5 33 38
13 184 525
10 111 138
8 13 15
3 8 10
6 28 34
7 58 85
12 238 492
12 163 492
7 13 14
12 162 440
6 8 9
10 192 545
11 13 19
5 8 10
8 35 57
5 36 38
10 171 175
11 141 963
7 25 43
1 3 4
12 197 829
12 88 215
14 285 432
8 78 176
5 40 48
2 7 9
12 278 952
4 21 31
13 224 553
6 35 39
9 140 1319
11 177 417
4 21 25
12 146 237
13 100 189
9 23 64
7 82 112
12 257 684
8 75 116
7 50 78
11 134 416
13 284 1658
12 217 333
11 160 750
5 40 50
11 83 129
11 170 360
10 127 242
12 23 72
9 93 198
15 334 2021
9 131 744
14 81 198
5 31 36
1 3 4
5 34 42
9 140 203
8 14 24
10 137 620
6 47 51
7 70 167
12 47 115
9 124 271
10 12 21
12 130 697
11 16 32
8 98 752
12 221 1391
7 68 72
7 12 20
2 7 9
7 75 85
10 117 656
10 111 535
11 20 42
13 239 449
4 21 25
4 9 11
5 40 89
14 264 1075
5 22 26
6 58 74
14 312 2260
8 75 84
15 152 575
8 82 87
9 140 230
13 264 450
6 68 69
2 7 9
7 74 558
11 233 788
12 178 1458
7 62 189
12 222 621
6 33 77
11 233 755
12 117 192
13 265 1984
3 13 16
3 14 19
8 10 11
10 175 510
14 355 3030
10 175 221
7 17 24
9 107 112
2 4 5
11 137 300
11 158 820
8 9 27
10 136 967
9 75 85
12 164 653
10 115 293
12 216 1360
10 130 277
7 34 120
13 283 712
13 305 976
13 198 2721
12 126 662
12 206 940
3 13 16
11 134 265
6 44 103
10 160 280
14 311 726
7 73 188
11 152 622
13 75 254
13 131 578
8 49 57
8 17 23
13 257 2784
7 82 245
12 278 614
12 149 554
6 43 68
7 54 88
8 122 163
12 174 921
13 130 1077
9 107 122
6 45 110
11 68 196
9 127 230
9 155 618
10 128 376
10 136 466
8 91 152
13 264 1414
8 89 138
10 127 370
12 209 603
11 177 560
3 14 21
9 97 294
11 170 875
7 46 51
10 160 399
10 118 325
1 3 4
10 37 54
8 38 44
14 193 782
11 182 1260
13 160 718
9 155 347
8 10 29
13 239 1291
10 177 201
7 82 146
12 239 1617
13 205 1649
10 160 183
9 85 98
13 223 1179
4 6 7
12 206 636
3 8 10
11 142 343
9 116 385
5 31 36
14 24 51
8 93 134
13 114 434
11 93 161
11 87 491
8 79 106
10 141 330
14 238 505
7 65 106
12 238 652
12 207 295
3 13 16
11 119 213
3 14 16
13 264 818
4 30 31
8 90 273
5 32 37
12 200 950
3 5 6
12 160 267
12 260 2247
13 184 362
4 14 17
13 171 316
12 193 271
11 182 402
9 140 896
1 3 4
10 76 103
12 221 963
10 128 196
5 23 27
1 3 4
5 31 36
11 145 631
1 3 4
14 262 1036
8 76 142
12 159 331
7 58 65
2 7 9
1 3 4
13 187 512
10 45 67
9 140 494
2 4 5
11 197 353
13 232 661
11 13 56
4 30 31
3 8 10
14 217 1224
12 238 305
3 13 16
11 178 334
1 3 4
12 198 1438
4 21 31
4 21 25
13 208 406
10 127 383
3 5 6
3 13 16
12 238 851
8 75 245
11 86 189
1 3 4
12 206 297
13 184 404
6 37 70
5 35 38
6 32 37
8 77 89
3 5 6
8 48 61
13 264 346
3 13 16
12 97 109
9 108 218
4 22 28
8 58 76
4 10 14
10 113 134
10 121 145
15 385 390
11 144 188
9 116 120
11 184 335
9 155 316
9 107 174
5 30 31
6 59 62
5 35 38
9 98 133
8 89 298
8 73 183
11 182 230
2 7 9
14 223 253
11 167 269
7 8 12
7 68 69
9 92 192
12 182 223
9 93 104
7 57 83
2 4 5
12 83 108
8 25 30
6 48 49
6 68 279
9 92 112
7 12 14
10 128 205
5 31 36
12 208 491
8 111 290
8 109 165
4 21 25
1 3 4
2 7 9
10 137 269
5 32 37
6 37 75
13 327 735
10 28 51
8 75 83
10 71 78
11 160 195
5 15 18
10 160 164
10 12 2
1 3 4
7 68 83
8 23 38
11 198 622
10 27 32
6 32 39
8 54 82
11 86 161
11 167 299
11 233 290
3 13 16
1 3 4
10 92 119
10 192 364
7 53 101
10 20 37
6 45 62
1 3 4
6 60 98
8 122 142
9 84 101
6 59 61
10 52 53
7 73 78
9 73 81
6 47 123
10 120 220
7 57 85
3 5 6
7 93 99
10 12 19
7 12 14
6 43 49
13 247 799
3 13 18
9 55 61
9 89 132
9 14 20
13 222 245
7 37 41
6 34 39
12 257 429
11 37 45
9 138 178
10 12 17
12 238 494
2 7 9
6 45 52
8 78 121
9 100 102
9 73 231
9 141 190
11 176 185
5 15 18
11 141 348
3 13 16
13 172 190
6 55 56
3 13 16
12 147 172
9 127 160
5 15 18
11 233 389
8 13 16
7 82 84
12 17 20
12 150 249
7 45 88
11 147 169
9 83 104
11 149 201
4 21 25
4 21 25
6 68 108
10 175 740
2 4 5
11 143 329
6 43 49
3 13 16
9 116 120
11 133 205
2 7 9
11 112 205
7 57 64
10 112 335
7 83 102
10 91 95
11 121 253
8 74 123
7 66 70
9 140 300
6 43 66
12 224 424
10 128 132
3 8 10
3 17 18
11 86 139
8 70 81
7 82 96
7 93 94
12 17 38
1 3 4
1 3 4
7 82 89
6 32 38
5 22 26
12 238 2425
2 4 6
2 7 9
10 112 145
11 99 152
12 139 175
9 111 130
6 59 72
5 33 38
13 209 417
6 32 45
9 43 53
11 17 26
7 57 85
12 107 116
14 211 226
8 122 168
10 111 272
8 122 130
11 106 226
6 59 61
10 20 23
6 59 91
12 233 486
6 68 69
8 98 208
4 30 46
10 115 137
8 59 65
10 147 299
11 150 157
9 95 114
9 14 29
12 278 559
9 95 102
5 40 52
9 141 209
10 160 251
7 93 94
7 61 66
6 33 38
9 109 118
2 7 9
8 59 76
12 14 17
9 11 15
7 37 51
12 177 307
1 3 4
10 72 119
10 127 245
7 12 20
8 74 114
12 54 69
9 127 165
10 141 163
10 20 30
7 93 94
12 257 1108
7 73 91
10 127 195
8 77 107
12 238 314
11 122 170
5 31 36
9 59 66
7 74 95
2 4 5
10 62 64
8 18 4
11 21 25
7 24 28
10 113 148
9 116 141
4 9 11
7 82 106
9 116 120
5 31 46
8 122 366
13 163 237
5 31 36
2 7 9
13 327 1044
10 105 234
7 66 79
10 175 181
4 21 25
10 128 146
11 233 431
12 17 28
10 82 146
4 21 27
4 22 25
12 175 393
10 76 103
7 28 39
4 21 25
11 182 234
12 140 270
15 410 592
6 36 46
2 7 9
12 238 1208
4 23 40
5 33 38
12 257 448
6 59 79
8 89 121
10 147 282
6 68 105
14 211 257
7 57 110
12 160 386
9 58 142
5 32 36
8 98 101
9 109 114
9 140 211
8 10 15
2 4 5
11 138 171
12 197 256
10 116 120
10 108 190
2 7 9
5 22 26
3 13 16
2 7 9
7 82 124
1 3 4
10 76 138
7 63 120
6 43 49
1 3 4
12 207 227
8 34 35
11 192 266
14 304 573
9 117 378
4 9 11
6 68 96
8 101 187
11 193 288
11 133 323
4 21 25
10 96 143
10 192 203
10 156 175
11 214 344
9 155 223
10 108 151
5 32 36
10 141 503
7 45 66
7 61 66
9 100 126
6 68 173
10 107 124
6 53 66
10 45 57
7 70 71
8 109 286
1 3 4
11 13 22
5 30 68
3 13 16
11 119 135
10 124 142
10 175 326
11 214 240
10 160 795
9 107 157
11 169 361
7 82 119
9 116 262
11 182 186
14 224 346
8 68 99
10 192 401
1 3 4
14 329 552
10 128 372
13 183 214
9 127 185
1 3 4
12 238 540
4 6 7
9 91 152
6 11 14
9 110 196
9 127 132
11 135 146
5 33 38
9 50 114
1 3 4
12 175 300
11 214 1198
12 150 348
7 59 66
11 169 645
2 4 5
9 84 126
5 22 23
8 122 278
7 9 11
1 3 4
7 57 64
6 43 49
11 183 207
8 61 66
10 100 110
9 93 259
9 92 136
8 122 140
8 81 101
11 13 20
11 46 57
7 9 13
5 31 36
10 141 194
7 42 65
12 199 293
3 13 16
11 20 24
8 85 139
12 132 378
2 7 9
7 82 84
6 36 53
5 15 18
10 109 227
11 233 326
11 197 778
8 74 91
9 100 274
8 89 222
7 17 26
10 123 216
10 175 281
8 73 121
9 155 157
10 175 198
8 94 95
12 129 224
6 59 61
8 89 124
3 17 25
5 22 26
13 209 304
8 80 84
4 23 45
10 142 431
7 57 64
10 160 278
4 21 25
5 31 36
5 23 33
7 74 84
10 12 14
7 9 2
8 122 221
11 149 1028
8 74 81
6 52 66
11 182 237
10 116 124
11 103 231
8 67 134
6 59 65
8 23 36
7 93 94
8 83 202
14 311 395
13 257 391
10 57 85
4 23 27
2 7 9
9 91 146
9 47 56
9 155 164
2 7 9
13 327 586
12 233 759
11 97 159
2 7 9
12 173 579
5 15 18
11 105 109
9 18 22
5 22 26
12 194 420
8 93 109
12 166 191
4 9 11
2 7 9
7 45 116
7 58 74
11 161 501
12 183 464
7 9 11
6 8 9
9 11 19
6 51 53
5 31 48
11 233 334
5 10 12
11 149 189
11 54 56
14 332 1029
4 30 31
10 36 44
14 312 353
10 160 284
4 21 25
7 68 94
10 117 348
9 92 100
10 125 382
6 43 49
6 53 60
11 28 34
13 113 140
9 140 280
9 97 122
12 173 187
6 44 50
6 15 24
11 137 243
4 30 31
9 35 40
12 278 484
8 109 111
13 187 213
9 27 34
4 15 17
12 225 952
5 31 36
7 52 78
9 59 66
8 10 13
10 147 179
8 70 114
3 15 26
11 127 223
7 93 220
10 111 121
12 206 528
9 11 13
10 171 172
9 93 233
8 77 83
8 55 183
2 7 9
5 10 12
9 14 18
6 44 71
10 175 300
8 77 145
2 7 9
11 93 114
4 15 25
13 247 269
13 219 472
10 175 383
9 108 113
8 82 97
10 91 189
12 142 183
9 96 135
5 32 36
6 8 9
6 8 11
10 164 235
5 32 61
9 35 41
10 136 153
7 18 25
6 44 78
9 100 106
10 127 151
6 68 78
1 3 4
10 15 25
9 116 145
3 5 6
12 234 443
9 116 120
8 18 25
10 175 470
9 90 159
6 45 51
6 49 87
5 7 8
5 15 34
8 59 70
10 101 149
9 155 328
7 62 89
12 14 22
9 96 102
10 122 323
11 198 249
3 14 17
10 155 594
2 7 9
6 42 51
5 23 43
10 20 23
11 192 284
8 98 102
4 21 28
11 158 256
8 68 81
10 192 295
10 15 19
2 4 5
7 73 91
8 82 246
2 4 5
9 107 181
7 52 68
9 107 123
12 221 306
11 133 172
6 23 27
10 175 200
5 32 34
12 142 227
4 9 11
4 22 25
11 197 200
5 6 7
11 28 47
9 93 237
4 14 17
5 31 36
6 47 84
9 122 124
6 32 43
3 8 10
9 155 157
5 23 26
12 157 184
9 110 171
8 93 209
4 21 25
3 13 16
12 211 457
7 9 13
10 94 99
11 149 362
5 35 38
5 7 14
8 122 141
8 110 129
5 22 26
12 278 648
7 53 59
3 5 6
10 192 241
8 10 13
9 125 160
6 60 61
9 140 604
4 25 27
8 122 148
5 22 28
6 45 49
11 133 187
7 58 73
7 93 94
10 176 470
7 46 52
4 9 11
10 171 433
10 95 147
14 41 59
12 152 266
8 14 18
13 236 241
3 13 16
7 82 84
5 22 26
8 76 99
10 151 382
6 47 51
5 10 12
9 155 213
12 278 279
3 13 16
2 7 9
4 6 7
8 98 103
9 93 101
12 194 250
12 162 303
10 171 191
5 36 88
2 4 5
12 183 238
8 76 85
2 4 5
8 122 123
10 124 142
3 13 16
4 14 17
12 176 404
11 194 238
7 33 38
6 33 38
10 140 145
4 21 25
11 192 230
9 140 143
8 99 101
8 73 121
8 47 82
7 57 119
2 7 9
8 10 11
6 45 61
13 204 298
8 75 117
11 118 168
11 21 41
9 51 55
3 13 16
9 91 102
7 93 257
7 66 74
4 25 33
14 276 343
11 134 147
4 25 27
11 113 172
3 8 10
11 158 184
9 51 57
10 176 300
8 122 142
11 144 169
8 82 292
10 137 302
12 257 336
6 16 19
5 47 62
6 11 13
8 13 15
13 180 456
11 98 123
10 100 128
8 70 104
11 148 219
8 109 155
9 155 164
7 28 46
7 11 13
9 111 114
13 30 46
14 281 287
4 10 14
12 221 619
7 9 10
8 98 137
2 4 5
9 106 288
9 122 203
9 109 111
10 101 134
10 108 125
13 212 316
9 77 85
9 84 163
9 35 42
5 31 36
10 114 129
4 23 27
7 44 50
8 93 133
11 193 401
10 176 301
9 155 192
8 75 87
10 155 262
8 122 133
9 111 319
5 31 44
4 14 17
12 198 224
6 33 53
10 147 208
10 192 240
10 105 122
8 73 81
10 129 153
11 145 176
3 5 6
7 61 66
8 109 112
13 185 238
11 16 20
4 30 40
14 230 257
9 10 12
6 41 59
3 5 6
5 41 66
12 86 137
9 14 16
12 202 357
7 82 103
4 21 25
10 112 173
10 108 138
11 192 265
9 92 100
11 48 73
10 176 210
10 109 141
11 158 164
6 27 42
11 142 565
2 4 5
5 41 96
3 5 6
8 122 123
10 36 48
9 83 172
2 4 5
8 90 98
10 15 17
3 15 21
11 182 291
6 49 112
10 175 552
7 59 93
9 83 88
10 111 145
8 10 11
13 184 353
9 66 137
11 158 625
4 21 25
10 192 391
6 11 13
5 10 12
11 151 309
8 98 103
12 187 499
9 141 302
10 15 3
10 161 208
10 95 109
13 194 234
11 214 607
12 159 170
12 239 790
9 46 76
10 192 205
6 8 9
2 7 9
2 8 14
9 141 344
6 60 80
8 98 102
10 192 626
9 131 132
8 89 161
11 159 359
11 78 88
10 19 31
8 81 270
14 332 481
7 73 202
2 8 10
9 136 431
14 332 536
7 28 30
6 8 10
1 3 4
11 134 173
12 257 614
8 122 158
5 47 48
7 28 34
10 104 134
8 73 161
9 64 93
9 141 360
2 4 5
5 10 12
9 74 110
11 135 204
10 144 425
5 9 11
4 14 17
13 283 329
9 109 114
8 18 21
5 31 37
7 57 123
2 4 5
4 6 7
7 42 85
7 61 69
12 194 326
7 93 104
7 73 79
12 278 365
8 35 50
9 101 106
10 46 78
10 121 138
9 11 16
6 12 15
8 89 114
9 92 123
11 123 179
10 12 17
11 129 356
11 158 401
2 4 5
7 9 10
10 162 482
14 249 531
13 283 286
10 128 279
11 183 216
7 33 38
9 117 224
8 122 252
8 29 35
11 158 275
14 235 332
10 136 178
11 32 34
6 68 69
5 40 42
1 3 4
9 11 12
6 23 29
3 8 10
8 46 53
8 83 129
7 59 64
8 10 15
3 13 16
2 8 10
6 52 55
3 13 22
4 21 25
10 15 21
11 70 74
7 9 10
13 188 267
10 128 131
7 47 86
5 23 27
7 66 106
10 127 163
11 214 250
12 179 246
8 95 216
6 43 49
7 73 76
10 173 222
10 20 35
7 93 345
8 94 211
10 192 828
2 7 9
13 150 333
9 155 164
8 122 313
2 7 9
10 192 332
5 40 42
10 192 336
3 13 16
9 26 30
13 250 360
14 355 921
4 23 30
7 66 125
7 73 158
11 233 273
9 116 154
1 3 4
11 137 263
3 8 10
10 148 455
6 23 31
4 22 25
3 13 16
14 145 192
12 215 417
9 66 70
10 148 992
8 82 91
3 13 16
10 175 204
11 197 266
4 22 25
13 169 179
10 120 127
4 22 25
10 120 156
6 49 50
9 116 147
8 76 135
9 11 23
7 82 103
9 34 42
1 3 4
9 111 116
9 101 130
8 77 126
7 57 65
6 47 59
8 18 29
4 25 34
6 52 99
11 214 530
2 7 9
10 122 132
7 58 65
7 37 40
13 283 469
3 13 16
10 192 309
13 200 445
5 31 36
5 10 16
6 60 107
10 192 1252
10 12 16
11 128 134
8 68 79
6 44 60
12 196 684
11 38 54
6 8 17
12 14 44
5 32 43
9 99 249
8 77 105
10 27 59
8 26 31
10 162 228
10 137 156
10 15 22
12 238 405
8 94 219
7 19 28
12 215 338
9 91 136
9 140 209
6 52 55
10 136 313
9 11 14
13 185 262
11 154 265
12 119 336
5 15 18
9 52 92
9 71 118
11 214 788
3 13 16
11 182 374
11 57 70
8 10 16
15 313 502
9 116 120
3 13 16
12 253 2044
12 192 482
10 109 430
9 53 58
13 273 1131
14 380 865
9 82 89
12 145 730
8 98 261
7 24 31
12 177 712
10 160 310
10 15 57
12 198 263
15 243 1137
9 127 136
10 192 194
10 147 169
5 23 26
11 102 131
13 327 537
10 128 296
5 10 14
8 122 177
10 157 350
3 5 6
8 26 51
3 9 17
8 68 80
9 123 411
4 21 25
12 194 518
10 192 565
10 12 20
12 239 898
7 80 95
11 157 198
6 20 25
3 8 10
4 22 25
5 47 69
8 122 265
13 214 535
11 210 577
12 184 1332
9 100 306
13 220 514
10 160 202
8 90 406
7 44 48
4 26 34
11 21 32
7 67 173
11 192 505
13 177 280
10 127 254
10 136 204
4 15 18
6 43 49
13 225 352
6 39 40
11 158 355
10 192 1156
10 136 202
9 90 97
8 122 204
11 182 312
10 160 286
11 177 368
11 173 1093
10 148 657
8 91 208
9 95 356
14 248 835
1 3 4
11 233 248
8 89 238
11 150 356
9 11 21
7 61 80
5 10 12
13 63 198
12 182 767
7 8 13
9 99 126
12 235 632
4 21 25
11 214 1952
11 113 122
6 45 52
13 284 456
11 197 563
12 278 823
10 115 156
10 112 233
11 233 485
10 141 146
10 94 151
13 247 700
4 14 17
9 75 217
9 88 264
7 73 85
6 8 9
6 8 9
10 160 377
7 78 79
11 170 267
12 119 163
10 127 175
2 7 9
5 31 36
10 151 554
11 128 297
13 283 1035
13 304 1280
13 304 618
10 122 520
9 120 387
8 122 184
12 257 287
9 116 232
11 81 133
3 13 16
1 3 4
11 214 217
4 14 17
12 197 473
6 11 13
9 99 142
12 239 536
9 155 1064
12 221 278
12 238 800
10 128 175
12 238 375
12 183 470
9 127 143
13 232 443
11 194 248
8 9 14
12 14 71
8 13 15
1 3 4
1 3 4
10 91 116
13 327 920
10 124 261
5 6 7
8 109 179
7 93 94
10 112 350
12 238 297
13 305 2383
8 109 170
5 30 31
12 194 523
3 8 10
10 12 40
7 25 28
12 215 599
10 15 42
12 42 113
9 140 172
10 176 1160
13 256 418
3 13 16
7 34 49
8 73 76
9 107 454
9 111 140
14 230 633
2 7 9
4 6 7
9 140 142
10 124 196
9 74 102
8 74 87
3 8 10
9 117 297
8 18 4
12 163 237
9 111 278
11 162 761
11 171 268
8 100 269
11 85 109
10 142 1857
10 175 693
10 160 217
7 83 91
10 161 187
4 10 11
8 78 95
8 87 129
2 7 9
11 192 451
5 23 42
11 175 235
7 93 159
13 241 501
13 170 405
12 238 1547
13 283 1474
7 11 15
6 47 87
12 159 536
10 161 238
14 335 1536
12 146 478
11 122 133
5 33 38
13 216 625
8 60 87
11 13 20
10 175 561
10 129 259
12 197 549
4 30 31
12 258 2649
10 140 234
9 60 66
9 94 433
10 132 234
11 173 352
11 48 61
9 71 590
13 284 766
7 82 157
12 125 404
7 47 92
9 95 143
9 106 115
10 143 508
10 137 325
14 265 545
12 234 503
14 330 2193
11 171 562
11 214 339
12 173 291
10 15 29
12 197 336
5 31 36
9 107 126
6 20 30
8 74 81
9 14 21
9 60 104
13 219 275
11 179 194
12 257 978
8 109 593
9 131 174
9 123 184
11 201 567
9 123 124
11 127 421
3 13 16
10 120 282
8 82 121
6 47 51
8 105 106
10 67 77
4 6 7
13 212 894
12 197 941
12 278 282
12 238 1553
6 32 37
7 61 66
10 160 557
14 16 4
12 167 225
11 78 156
8 82 140
14 263 1249
14 304 1384
13 280 477
10 161 558
9 95 141
11 182 613
2 7 9
9 116 161
8 9 17
14 312 2230
10 109 236
14 380 986
11 169 213
9 140 306
12 257 480
11 233 249
4 21 25
9 155 299
10 127 134
8 58 134
11 156 410
9 100 143
12 238 523
7 93 147
7 52 64
9 140 574
7 73 375
11 13 30
12 238 744
11 142 254
13 327 489
4 22 32
8 109 113
8 122 218
14 261 376
12 142 315
11 157 696
12 233 377
13 244 485
13 217 540
12 198 480
5 32 74
11 13 31
11 214 382
10 11 12
8 85 130
2 7 9
13 283 1038
11 16 30
9 100 171
8 122 123
10 128 210
9 118 132
12 142 513
11 174 229
5 31 36
10 175 269
8 98 101
12 222 551
1 3 4
12 144 260
6 16 20
9 155 233
6 44 71
13 122 132
12 216 314
11 139 469
10 51 80
3 8 10
2 7 9
8 82 184
5 19 20
13 304 870
8 89 97
12 207 260
11 121 250
9 123 127
11 215 277
14 247 874
11 233 566
11 148 522
13 209 1233
12 28 39
12 138 310
6 47 51
10 115 250
8 122 205
12 170 251
8 89 268
10 176 195
4 25 28
9 116 161
5 32 95
6 60 85
10 15 3
11 197 310
12 110 157
9 101 134
9 140 155
11 51 86
5 26 28
15 293 1093
7 9 10
10 132 337
11 214 643
11 162 383
1 3 4
11 137 234
11 13 24
11 233 665
9 111 115
10 82 90
15 51 70
12 166 614
13 183 454
7 9 16
9 127 149
11 182 447
6 57 63
13 220 1121
5 22 26
11 162 408
9 100 129
12 207 278
5 40 71
9 75 104
12 234 273
7 9 17
8 122 198
4 22 28
7 93 223
4 6 9
6 44 141
11 214 364
10 192 516
11 233 737
10 192 215
8 122 157
11 13 49
11 143 152
1 3 4
7 93 154
9 124 283
6 52 60
9 155 380
10 60 73
8 10 22
10 142 370
9 87 142
5 47 48
5 40 42
11 214 704
11 129 208
13 304 449
13 189 295
4 14 20
12 146 213
4 21 25
9 74 83
12 216 554
10 111 122
6 68 72
8 67 153
13 184 412
13 304 2026
11 135 172
11 93 349
9 107 112
13 304 350
4 22 31
11 173 345
11 214 480
7 19 25
10 156 264
9 103 123
9 100 184
10 175 358
10 49 147
14 291 607
12 257 441
10 139 221
11 162 329
11 233 665
8 122 345
8 45 52
3 13 16
9 72 92
6 48 94
11 184 433
12 239 693
10 84 128
6 68 74
15 29 48
10 111 242
10 147 312
13 258 1489
6 68 195
8 84 148
13 193 283
2 7 9
9 122 141
5 15 20
7 82 96
11 214 872
6 68 78
6 8 11
6 47 140
7 93 94
11 182 482
6 47 81
13 304 581
10 160 176
14 380 1394
3 8 10
6 16 19
7 61 86
9 51 63
10 175 542
11 194 273
12 207 1168
10 16 32
3 5 6
10 130 311
5 36 42
10 110 127
9 14 19
11 197 301
5 15 18
4 5 6
9 155 437
12 257 1721
6 47 51
2 4 5
10 106 481
14 256 1056
9 118 973
10 114 204
14 16 24
14 329 621
8 98 101
7 45 83
11 197 597
11 13 55
12 125 141
10 175 177
12 221 314
11 233 1343
10 138 227
11 146 170
11 215 288
6 36 39
11 197 663
12 257 1521
12 193 218
8 105 278
3 13 16
7 9 10
10 12 18
6 16 19
6 43 57
11 116 126
12 238 273
13 158 199
13 283 498
13 259 366
9 48 74
9 116 244
10 65 78
4 23 24
11 143 290
12 171 328
13 304 501
13 199 484
3 17 18
9 76 84
11 129 226
1 3 4
13 327 550
12 197 674
12 221 240
8 50 116
8 61 82
8 73 81
11 182 193
7 73 77
1 3 4
13 207 357
11 233 486
7 48 56
4 25 27
12 221 477
13 24 62
9 75 131
12 257 575
8 82 108
14 260 915
11 233 4184
12 238 666
15 327 523
11 158 434
12 215 1170
8 122 286
9 108 154
13 266 658
9 116 143
12 255 1091
6 24 53
11 192 327
13 304 448
10 12 19
9 95 164
10 175 460
12 207 452
11 43 49
7 66 70
1 3 4
7 57 83
5 40 42
2 4 5
2 4 5
5 22 26
13 194 308
9 61 105
15 341 1678
11 13 22
12 222 769
11 130 156
1 3 4
5 32 44
10 12 29
13 278 376
9 140 204
9 116 142
8 18 30
11 129 193
12 257 1128
9 109 132
3 5 6
9 11 22
12 216 1351
9 109 163
14 332 718
2 4 5
12 135 262
10 175 283
6 68 70
12 278 536
8 23 24
12 222 1384
6 52 155
13 327 414
13 219 242
14 192 254
13 54 67
9 111 156
9 92 114
12 217 410
12 214 437
8 10 35
11 44 67
5 17 20
10 115 206
10 192 252
12 199 784
10 176 309
11 214 375
8 73 167
2 7 9
12 207 529
11 169 195
12 191 370
4 14 19
13 284 883
2 7 9
10 160 246
11 210 365
1 3 4
4 22 25
11 158 165
3 8 10
10 155 848
8 73 252
6 56 57
12 163 402
10 160 682
3 8 10
14 284 1940
11 159 205
4 14 17
9 142 456
11 137 177
5 35 39
1 3 4
10 120 162
11 177 780
3 13 16
10 192 356
13 204 443
8 109 224
13 327 695
8 110 120
12 278 438
8 122 132
13 220 528
7 82 93
10 136 320
8 78 98
12 216 728
11 198 281
12 238 495
10 12 23
12 144 156
8 78 97
10 96 171
12 198 516
9 140 142
8 39 158
6 59 62
10 176 219
8 95 140
9 91 277
8 10 17
9 124 261
3 5 6
4 6 7
9 122 208
10 139 377
10 136 153
9 26 59
7 11 14
13 258 377
5 10 12
13 211 783
11 86 111
10 175 177
1 3 4
9 111 220
5 31 70
9 11 15
8 64 79
4 14 23
11 233 316
12 187 610
8 110 119
9 140 142
5 10 16
13 164 277
12 278 1858
7 60 78
10 104 254
10 175 428
10 100 266
11 197 645
10 61 68
10 127 172
8 90 176
11 200 412
12 230 972
9 100 133
8 109 119
8 122 245
11 138 277
11 160 400
1 3 4
7 82 94
10 129 145
10 192 420
10 149 181
10 127 288
2 4 5
12 119 187
8 10 12
10 127 236
11 141 543
11 154 225
6 43 49
6 43 152
9 155 664
9 116 121
10 124 275
7 50 67
8 98 681
6 8 9
9 140 738
12 239 1122
13 183 255
5 31 62
10 192 864
12 278 3273
10 148 1113
3 8 10
11 151 290
10 160 783
7 9 11
1 3 4
11 142 210
6 43 49
4 25 27
12 238 338
4 5 6
9 11 14
9 140 161
12 163 233
10 160 202
8 25 44
10 124 132
12 235 660
7 10 14
9 35 92
11 122 206
4 21 25
10 192 665
9 60 94
7 50 99
10 37 41
2 4 5
12 145 251
14 380 2593
11 160 257
12 238 484
11 139 696
11 149 380
2 8 12
6 68 103
9 27 34
8 10 24
11 182 337
10 112 147
13 123 204
10 137 188
10 127 244
11 37 44
10 82 135
10 72 73
6 34 71
3 13 16
4 25 27
2 4 5
13 265 734
9 116 152
11 76 93
4 16 22
10 192 241
10 120 171
10 92 156
12 174 470
13 203 882
14 226 537
10 124 172
9 10 14
8 58 119
9 107 368
12 162 417
10 136 159
5 40 56
5 22 26
11 147 229
4 21 25
10 95 104
8 83 197
6 7 14
10 116 260
14 177 754
2 4 5
2 7 9
11 138 320
3 13 16
8 49 71
9 124 187
11 153 1195
12 278 1379
9 155 843
12 183 489
11 198 370
5 15 21
10 107 402
6 31 45
15 342 1091
3 5 6
11 114 140
9 116 211
11 177 415
9 127 144
7 44 68
11 170 429
10 136 605
12 240 538
10 192 937
9 36 44
7 57 70
7 12 20
11 21 27
10 136 297
11 182 714
5 32 36
12 207 474
15 313 759
9 155 190
8 122 305
10 175 271
13 92 149
11 197 342
11 136 158
9 100 322
13 304 952
11 233 324
13 64 74
7 62 77
9 62 65
11 197 597
9 127 144
13 240 381
10 164 166
11 37 69
2 7 9
10 192 816
14 328 880
13 247 301
13 100 141
9 100 106
6 55 67
5 47 48
11 183 344
3 13 16
3 5 6
12 197 243
11 169 245
12 221 366
11 174 276
9 140 323
11 102 138
9 124 629
3 5 6
11 182 1284
11 170 345
9 116 589
5 22 26
3 13 16
14 18 59
10 91 100
13 199 332
9 112 289
10 176 269
12 176 243
14 218 307
13 264 420
11 201 380
11 197 570
12 178 331
5 26 27
9 155 379
12 102 175
8 75 85
9 10 14
12 239 293
8 122 162
14 150 223
11 158 463
7 73 76
14 355 867
12 175 551
10 192 499
4 9 12
5 10 12
2 7 9
10 171 175
7 66 76
8 122 232
14 355 598
1 3 4
7 93 105
5 15 18
9 27 36
12 187 298
10 120 538
11 197 467
2 7 9
11 170 265
1 3 4
12 211 724
11 169 1101
13 196 399
8 93 160
10 175 433
10 20 50
11 214 414
8 98 184
14 312 3286
11 53 99
9 107 124
8 82 150
10 139 185
11 233 319
8 13 15
10 86 162
8 100 135
9 155 156
3 5 6
9 19 38
13 233 909
13 82 194
9 52 58
13 212 355
1 3 4
14 328 1218
12 238 582
5 31 60
14 228 1110
14 239 665
12 278 2299
7 61 157
10 136 254
9 127 233
12 225 764
3 17 22
10 135 264
5 15 18
6 68 292
12 201 482
9 50 87
15 312 3420
14 215 420
8 77 96
10 14 25
14 19 48
9 155 387
3 13 16
14 16 102
14 285 1922
8 10 14
2 7 9
10 117 299
8 67 114
8 109 181
12 238 1382
13 233 518
10 192 567
15 21 58
8 109 166
13 304 1167
15 356 809
13 304 2521
12 169 500
5 32 36
8 70 82
8 61 70
10 152 509
9 155 699
12 41 83
3 5 6
11 184 521
14 329 1496
9 116 289
6 59 64
14 17 26
14 311 2688
12 183 311
9 155 1491
10 160 190
1 3 4
12 278 622
1 3 4
8 122 134
11 102 175
6 47 59
7 66 82
9 155 420
9 140 182
13 223 959
9 76 231
10 128 146
15 385 1036
13 327 2802
8 82 112
11 16 50
8 109 168
9 72 80
10 175 747
5 35 38
1 3 4
5 26 35
7 82 166
6 68 108
3 17 18
4 14 17
5 24 25
8 109 201
12 126 372
12 196 428
12 33 64
12 278 432
12 14 81
14 250 413
1 3 4
12 206 1844
10 131 167
3 13 16
9 140 339
8 95 454
12 194 509
14 312 1943
12 168 256
13 196 627
5 40 66
12 23 55
11 178 429
11 197 297
10 129 373
5 47 134
11 183 532
10 100 398
7 77 192
6 33 38
7 12 14
11 233 1065
12 194 359
6 55 74
10 123 315
12 238 278
12 238 684
10 162 296
6 35 38
10 142 268
6 33 63
10 61 76
12 233 799
10 160 556
13 327 719
12 193 424
9 140 720
13 23 68
15 312 2715
13 283 2391
12 173 258
14 130 342
13 265 3646
12 222 349
9 91 355
14 283 1628
9 102 218
5 41 163
2 7 9
11 169 361
12 257 2023
12 257 345
10 160 1297
9 116 315
2 4 5
11 177 1029
13 251 1042
12 238 912
9 96 104
13 327 803
9 127 329
1 3 4
7 66 75
10 175 710
12 221 881
13 30 64
6 8 9
12 199 926
11 214 412
13 220 668
9 127 153
4 21 25
14 332 2907
7 9 11
10 128 475
11 214 413
6 34 39
5 33 48
10 137 425
9 155 231
11 197 740
11 23 44
13 182 742
9 108 187
14 235 474
13 260 1101
11 149 328
8 122 167
11 233 1289
5 17 31
5 15 24
8 53 128
5 21 30
12 17 99
14 355 3036
10 176 827
12 278 975
12 14 99
4 21 55
8 109 146
6 11 16
10 141 287
9 85 106
1 3 4
12 278 1757
12 235 1838
9 11 25
9 91 125
9 75 113
4 15 19
5 31 36
12 257 711
11 97 209
11 171 844
11 233 382
12 278 346
7 57 80
7 73 261
14 260 1181
8 66 209
11 233 319
12 238 386
11 139 487
13 14 31
12 198 990
9 92 332
10 161 459
7 82 185
10 120 478
9 14 19
12 224 1288
8 109 408
9 92 125
11 233 12595
12 222 679
7 61 108
7 83 303
12 278 754
9 155 396
4 6 7
10 130 301
10 147 606
3 13 16
11 214 284
8 14 24
4 23 27
10 142 757
8 109 165
8 77 216
6 55 56
13 238 2301
8 109 210
3 15 19
9 155 202
10 175 723
7 29 37
12 210 538
8 83 143
11 214 1387
12 257 4156
7 58 122
12 55 78
11 198 531
9 124 184
8 122 141
13 161 571
14 237 2141
10 162 259
12 69 115
9 155 334
11 233 726
11 182 238
11 197 222
1 3 4
3 13 16
8 84 190
14 355 2479
11 141 297
10 192 283
11 214 386
8 99 243
11 233 7339
11 193 2923
9 107 331
1 3 4
12 216 1452
10 160 382
2 4 5
11 214 1401
8 28 57
13 221 582
12 221 746
10 123 322
7 61 75
7 33 38
9 140 213
12 14 56
12 198 509
9 155 220
13 143 239
12 278 1637
11 142 219
6 34 55
12 126 248
8 122 932
11 214 650
4 9 11
12 215 1149
12 235 624
11 48 109
13 171 505
12 278 636
11 97 218
6 8 12
7 66 70
5 31 43
12 257 744
12 234 2488
12 278 1715
12 278 700
11 13 59
13 247 1231
12 278 1528
7 93 190
13 257 1649
12 221 423
13 150 730
9 91 229
12 238 1831
6 24 28
7 83 361
10 112 190
13 279 1516
12 238 893
8 83 341
14 311 579
13 265 616
12 159 474
13 238 1224
13 145 325
9 101 159
10 112 287
8 122 884
12 235 3254
10 161 504
8 10 41
10 192 410
12 257 1246
7 18 25
10 92 276
10 141 284
8 67 82
11 215 1101
8 18 29
7 66 186
11 194 1809
6 68 77
13 229 525
11 174 273
15 341 1798
13 284 1412
12 168 541
8 9 11
9 110 207
2 7 9
12 234 1215
11 233 639
12 221 385
14 355 1094
9 123 348
1 3 4
14 281 698
12 192 914
11 13 51
10 93 340
9 155 204
9 100 140
5 31 36
10 36 57
11 178 1112
8 79 94
7 57 94
7 58 95
14 270 5708
12 257 3201
9 107 277
11 72 257
6 59 61
10 175 317
9 95 150
8 81 306
12 221 579
3 5 6
11 233 755
12 24 49
12 238 977
10 192 709
6 43 50
10 113 154
11 170 466
11 50 117
11 129 556
8 89 93
12 278 3250
6 41 43
12 144 602
13 19 59
13 327 3416
11 175 768
13 220 1994
11 144 550
12 222 463
9 155 189
2 4 5
9 100 143
2 4 5
14 211 369
2 7 9
12 222 427
8 46 70
11 13 31
10 192 566
10 136 449
2 7 11
12 178 432
15 314 2507
4 30 31
10 94 320
7 48 74
7 67 239
12 238 973
10 192 1529
8 87 332
1 3 4
11 149 415
14 275 3532
14 305 1497
11 214 1426
8 93 391
14 245 766
10 138 371
8 10 3
9 140 189
10 160 163
9 109 408
12 198 1404
5 23 29
13 304 3746
11 144 198
6 11 17
11 125 539
1 3 4
14 380 4297
8 61 277
12 235 568
11 198 373
9 155 465
13 257 1506
8 89 111
1 3 4
10 175 249
8 109 111
9 91 167
9 93 345
11 160 721
12 182 237
12 194 860
13 248 842
12 238 494
4 14 17
10 192 260
13 247 833
10 192 551
11 15 20
10 86 94
10 160 206
8 109 129
9 127 302
8 98 328
13 16 3
3 13 16
9 116 354
7 34 41
12 257 657
13 194 480
10 136 208
11 197 445
1 3 4
4 6 7
6 56 57
12 200 687
13 18 182
7 8 9
11 182 404
9 129 423
9 140 3059
12 221 1944
14 40 123
1 3 4
13 203 1169
9 155 261
9 117 125
14 296 389
12 207 540
5 15 20
11 163 376
8 83 91
11 25 60
5 7 8
10 175 1039
1 3 4
12 187 324
9 122 192
3 13 16
8 59 172
4 24 27
13 265 547
10 175 634
12 201 269
10 111 190
11 214 550
12 221 592
13 16 38
10 162 396
5 16 19
7 69 80
14 19 73
5 47 48
9 127 260
13 283 2847
6 56 70
12 14 61
3 17 18
12 257 1440
8 46 58
9 109 223
12 149 575
11 141 1403
9 155 372
10 137 313
10 113 272
8 122 267
14 355 2439
9 93 114
2 4 5
1 3 4
10 160 382
14 245 703
12 14 32
4 10 14
15 329 2824
13 233 431
9 155 887
14 332 881
11 112 242
9 122 219
11 169 306
11 13 69
11 215 350
10 192 1044
2 4 5
14 270 1117
9 109 510
3 8 10
12 257 872
10 192 1126
13 327 6016
10 155 405
13 327 808
14 332 955
13 304 2202
12 235 422
13 223 1232
14 294 1106
11 157 184
3 13 16
11 214 290
9 140 311
10 15 38
8 18 27
10 116 356
10 160 505
11 26 38
11 13 28
13 161 270
8 109 146
10 164 436
5 36 95
13 192 747
8 122 243
12 167 1349
10 117 185
8 82 145
12 234 1033
10 192 1046
8 122 378
10 134 753
11 102 130
13 247 828
15 170 450
6 53 130
7 73 173
12 16 52
10 136 171
13 160 251
13 188 351
8 109 239
10 147 566
12 121 646
10 192 223
8 42 52
13 152 310
13 280 4117
13 192 633
8 71 153
10 162 425
11 13 27
10 11 37
11 183 433
13 19 84
6 46 63
8 122 168
9 122 257
13 15 25
12 257 492
13 248 1115
13 15 38
6 24 28
11 147 965
12 258 1189
12 278 674
8 10 13
7 9 20
13 304 1674
12 221 675
14 20 52
11 197 319
12 206 321
1 3 4
14 245 1534
12 175 321
12 221 1534
6 47 48
8 13 16
12 215 1646
13 233 1214
4 30 31
9 155 309
8 10 34
13 257 326
14 235 436
12 257 423
7 12 25
1 3 4
10 160 563
10 175 1366
13 160 1422
14 245 2143
15 28 74
11 199 527
6 68 110
6 52 64
13 327 942
14 303 2821
12 206 632
8 89 328
7 59 78
10 136 344
12 278 876
12 235 1401
11 182 346
9 117 122
11 171 352
8 95 127
8 22 30
12 278 4512
13 224 917
2 7 9
12 238 359
12 230 1017
14 355 796
12 238 2862
11 214 349
12 215 764
8 95 96
9 90 94
9 124 161
2 7 9
15 305 916
11 135 160
10 113 233
13 15 36
8 122 262
10 192 1024
10 192 390
14 172 380
11 197 651
8 89 94
7 57 64
14 285 3643
11 15 3
7 12 14
12 278 417
10 161 402
10 176 1287
9 14 3
11 233 294
13 284 773
9 155 541
7 47 63
10 140 229
12 257 2520
1 3 4
6 46 75
10 192 194
12 278 2743
11 150 416
11 197 1011
9 140 196
12 14 37
12 193 306
6 16 19
13 202 630
8 13 16
10 175 441
1 3 4
10 111 644
8 10 17
11 194 474
10 192 968
11 114 303
5 35 58
10 111 187
12 206 1251
11 186 1025
4 21 28
10 122 188
2 4 5
9 116 266
15 292 1012
11 13 46
11 13 41
9 140 174
1 3 4
11 197 809
10 127 133
12 17 64
12 278 1039
10 142 1459
8 61 125
10 12 33
7 82 104
12 278 1912
4 6 7
13 327 1078
13 283 1120
12 206 996
12 173 556
13 115 342
9 116 237
14 355 1619
9 107 156
8 98 425
8 83 121
6 68 92
3 5 6
8 99 122
2 4 5
14 181 387
10 13 31
6 59 106
10 192 793
13 239 463
9 95 114
8 109 417
4 25 28
9 155 249
12 239 612
15 357 935
3 13 16
11 12 34
9 11 13
5 7 9
12 206 400
12 221 652
14 260 1552
8 89 136
9 102 445
6 68 211
9 127 356
10 131 329
11 233 547
14 239 1371
9 63 179
12 202 797
14 292 1258
10 12 39
12 170 213
7 33 38
9 155 170
14 380 2361
3 13 16
10 120 418
6 68 69
13 304 1534
2 8 10
12 238 855
6 68 87
9 127 425
12 183 752
12 278 527
8 75 83
13 184 340
6 68 177
13 200 489
6 51 138
13 213 1349
9 141 276
5 35 38
11 179 556
10 21 63
5 19 20
10 151 302
11 140 355
8 81 332
8 10 11
11 162 704
6 43 49
10 102 364
11 233 397
10 155 869
13 279 1832
10 160 620
1 3 4
11 160 981
4 6 7
13 163 838
9 129 612
6 47 53
9 99 144
8 109 144
7 9 25
11 66 89
11 192 900
14 213 1480
10 12 44
10 175 761
10 147 320
8 93 139
13 280 2679
13 61 75
8 78 150
5 35 38
9 90 330
10 147 456
12 195 646
6 8 10
12 26 46
2 7 9
12 257 472
12 17 28
12 278 392
12 14 31
13 244 736
10 192 372
11 214 603
7 61 167
9 76 126
10 51 78
12 257 1520
9 155 448
11 214 507
2 4 5
7 46 86
15 385 1902
11 13 35
10 160 193
8 73 230
11 164 238
11 193 499
13 304 681
11 193 333
10 143 205
10 160 385
1 3 4
13 235 345
4 21 25
1 3 4
4 25 27
10 171 831
10 128 152
13 223 816
5 31 49
3 5 7
14 334 2560
13 284 1358
10 138 554
10 128 208
10 173 1378
9 155 404
12 98 343
7 73 76
11 162 629
5 32 37
13 327 1097
2 7 9
13 284 1567
1 3 4
6 12 18
10 127 434
3 13 16
11 233 1947
13 18 76
11 214 769
15 323 2432
11 147 373
10 175 375
14 251 909
12 145 200
9 13 15
11 214 980
8 109 119
13 304 638
14 380 2363
10 147 201
12 183 451
10 141 338
11 138 520
8 122 356
11 13 2
12 142 182
10 192 283
12 192 449
10 109 202
7 49 95
10 127 413
8 84 90
11 14 20
2 7 9
12 278 528
6 37 92
11 233 707
12 152 500
8 43 45
12 238 863
8 122 361
7 71 79
11 141 386
8 84 252
6 8 25
12 257 1260
11 13 39
3 14 17
11 233 438
6 53 55
9 141 441
13 327 3289
3 13 16
13 233 1758
13 232 1624
9 93 143
2 7 9
5 32 36
8 45 100
13 305 1706
5 26 35
13 215 507
12 14 37
12 238 630
7 8 9
10 125 218
13 225 1002
10 160 204
6 59 62
12 257 541
7 78 79
10 12 36
3 5 7
2 4 6
15 410 1705
12 183 671
12 198 1122
8 83 145
11 169 435
9 96 179
