NBA size, minimized M2MA size
5 16
7 14
5 8
7 87
6 24
7 41
5 16
7 7
7 104
7 6
7 143
7 132
7 48
1 3
7 18
7 79
7 222
7 48
7 55
6 30
7 1
1 3
7 64
7 83
6 13
6 10
5 14
6 10
5 16
3 6
4 12
7 174
7 45
7 80
7 75
7 105
6 8
4 4
7 24
6 91
7 25
7 42
7 74
7 84
6 14
4 15
6 27
4 8
5 20
7 16
7 55
6 51
1 3
7 39
3 5
2 3
7 3
6 82
7 10
6 45
7 11
1 3
5 40
1 3
5 3
6 12
6 89
6 30
3 12
5 30
7 32
6 34
3 9
5 1
3 9
4 12
5 9
5 8
6 19
3 5
6 4
5 33
7 2
4 6
1 3
4 4
4 9
4 13
3 13
5 22
1 3
4 4
3 2
6 3
4 9
6 8
5 25
6 34
4 1
3 2
5 6
5 5
3 8
3 1
4 25
4 2
7 42
7 11
7 82
7 136
5 16
7 39
1 3
7 44
6 17
7 58
5 9
7 68
7 8
7 8
7 16
7 13
1 3
6 32
7 3
6 9
7 5
2 2
7 27
6 20
6 28
7 34
7 12
2 5
7 149
7 55
2 4
7 34
7 79
7 17
7 18
7 36
6 74
7 27
6 12
6 19
6 13
6 64
5 3
7 20
7 10
6 71
7 117
7 9
7 59
7 19
7 76
6 6
5 3
7 79
7 40
2 3
6 19
5 32
5 14
5 14
7 39
5 10
5 6
7 14
7 6
7 18
3 5
3 1
7 44
6 13
5 9
5 19
7 31
7 26
7 15
7 6
5 26
7 2
7 42
4 5
6 2
7 8
7 2
3 2
3 9
6 36
6 22
7 143
5 3
6 8
7 48
4 2
5 2
4 1
2 3
5 9
6 4
1 3
4 8
5 7
3 1
3 6
6 52
6 10
4 1
5 4
5 7
3 7
5 10
5 3
