NBA size, minimized M2MA size
5 15
5 13
5 64
5 4
4 5
5 28
5 16
5 64
5 15
5 21
5 5
5 5
5 3
5 11
5 17
4 21
5 5
5 22
5 3
5 12
1 3
4 10
5 5
5 12
5 5
5 25
1 3
5 29
5 27
5 7
5 29
5 17
5 33
5 40
5 63
5 3
5 63
5 31
5 44
5 10
5 20
5 10
5 9
5 26
5 18
5 13
5 12
5 8
5 120
2 3
5 34
5 18
5 12
5 30
1 3
5 17
5 53
5 39
4 22
5 48
5 139
1 3
4 26
5 57
4 52
1 3
3 8
5 41
4 5
4 18
5 11
3 11
5 38
4 6
1 3
5 45
4 3
4 5
5 43
5 43
4 2
2 4
3 4
5 15
1 3
3 8
3 9
4 9
4 6
4 678
5 8
5 21
2 3
5 46
4 86
3 6
5 21
5 11
4 6
1 3
3 10
5 15
4 19
4 8
4 3
3 4
4 13
2 3
5 20
4 12
5 63
4 11
5 1
3 4
2 4
5 6
5 5
5 15
5 31
4 17
5 3
5 9
5 30
5 5
5 43
5 11
5 3
5 5
5 11
4 3
4 7
5 17
5 19
5 8
5 73
5 50
5 7
1 3
5 25
5 10
5 3
4 41
5 13
5 7
5 38
4 13
5 40
5 21
5 39
5 6
5 17
4 57
5 80
5 15
5 3
4 10
5 18
5 39
5 145
5 25
5 18
5 20
5 40
4 6
5 17
5 34
5 5
5 31
3 12
5 6
5 118
4 5
5 81
5 31
5 62
5 11
4 14
5 12
5 77
4 6
4 30
4 32
5 4
5 17
4 57
2 4
4 33
5 24
4 14
5 11
4 12
2 5
4 10
5 67
1 3
3 5
4 23
5 3
5 9
4 7
5 13
2 7
2 4
2 8
4 9
5 66
5 12
4 19
4 26
4 7
4 12
4 11
1 3
3 9
5 8
4 7
5 9
5 35
5 7
5 18
5 33
1 3
4 8
4 3
4 5
4 1
4 4
5 8
3 6
5 4
