NBA size, minimized M2MA size
10 13
10 144
10 139
8 23
10 105
10 13
9 48
9 49
1 3
10 17
10 13
10 49
10 102
10 88
8 54
10 19
10 193
10 87
10 160
10 36
9 56
10 19
8 41
8 140
10 188
8 49
10 7
7 24
10 136
10 177
10 78
10 145
9 104
9 159
7 11
8 11
9 69
10 95
8 27
10 79
10 274
10 137
10 110
10 69
10 59
10 44
8 38
9 26
10 12
9 59
10 25
9 20
5 22
9 119
6 2
10 60
10 18
9 72
8 28
6 22
10 15
10 47
10 57
10 18
10 23
10 24
10 18
10 171
9 18
10 121
9 87
10 5
9 25
10 584
9 144
8 79
9 17
9 92
10 229
9 239
8 59
9 57
10 19
9 204
4 9
9 41
7 27
9 107
10 352
9 91
9 45
10 88
8 124
8 116
10 27
9 10
10 69
10 483
10 162
6 10
1 3
10 33
9 42
9 25
10 27
10 34
7 2
10 77
8 73
9 129
6 3
9 16
9 251
10 14
8 7
8 4
10 13
10 143
