NBA size, minimized M2MA size
6 8
5 79
6 35
6 8
6 146
6 3
5 30
5 62
6 7
6 20
1 3
6 11
6 13
6 26
5 37
6 26
2 10
6 7
6 3
6 33
6 84
6 30
3 1
6 25
6 19
6 30
6 30
5 41
6 34
6 32
6 14
1 3
6 152
6 100
6 31
3 9
5 31
6 15
6 20
6 66
6 17
3 8
5 6
5 11
3 12
6 4
3 5
5 5
4 7
6 8
6 105
5 10
5 23
5 16
6 64
6 8
5 37
1 3
6 61
6 110
2 3
6 29
4 8
5 15
6 39
6 46
6 36
6 82
5 26
6 27
5 53
6 28
2 1
5 81
6 17
6 28
2 5
5 49
6 31
4 23
5 5
6 7
5 10
2 1
6 9
6 16
6 85
6 23
6 14
4 3
6 34
4 7
6 66
4 27
4 1
5 19
5 15
6 18
6 38
6 74
4 21
1 3
6 59
5 16
3 10
6 40
2 3
1 3
3 3
6 15
6 28
6 63
4 9
6 7
6 11
6 59
6 25
6 62
6 22
6 35
5 32
6 41
6 44
5 41
6 9
6 12
6 12
6 66
6 86
6 27
6 41
5 9
6 24
6 18
6 13
5 80
5 28
5 60
6 13
6 66
6 33
6 36
6 40
6 10
6 50
5 7
6 15
6 31
6 22
6 46
5 26
6 6
6 54
4 28
5 26
6 22
6 7
6 135
5 16
6 9
6 22
6 2
2 3
4 28
6 27
6 24
6 42
6 7
4 4
5 18
6 91
6 19
6 7
5 30
5 17
6 17
5 14
5 37
5 14
6 66
5 20
6 13
6 17
6 23
6 56
5 7
6 51
6 24
6 33
5 7
2 7
6 10
5 29
6 64
5 17
4 8
6 33
5 35
6 20
4 1
6 15
6 38
2 5
5 2
4 6
5 9
6 30
6 10
4 16
5 43
6 36
5 13
6 17
6 14
6 19
5 17
6 30
6 17
6 32
6 37
6 36
6 7
6 23
5 5
3 4
5 19
