DBA size, minimized M2MA size
10 125
10 121
8 45
10 61
10 102
10 17
9 70
10 135
10 48
10 15
10 219
10 144
9 90
7 20
10 94
8 251
7 107
10 262
9 172
10 207
9 97
10 78
8 114
10 92
7 57
8 47
9 116
8 77
9 216
9 97
6 10
10 53
9 169
7 53
9 34
10 100
9 54
10 11
8 12
8 3
9 127
8 15
7 68
9 22
8 66
9 6
10 24
9 21
9 28
10 3
9 9
8 23
7 13
10 16
9 7
6 2
1 3
6 7
8 45
6 1
9 14
10 120
7 10
9 15
9 23
10 17
8 12
10 24
10 3
10 40
10 57
10 124
9 45
10 194
9 160
8 81
9 102
10 141
9 127
9 91
10 58
8 110
9 180
8 128
10 105
10 100
9 110
7 22
7 28
9 94
8 7
10 82
9 156
7 10
10 4
8 26
9 76
8 7
9 7
10 19
9 15
8 10
9 55
9 29
8 13
7 50
9 57
9 20
8 19
9 2
8 47
7 12
7 18
9 13
6 5
9 44
9 35
8 1
5 8
