NBA size, minimized M2MA size
10 153
10 27
10 75
10 15
10 16
9 29
10 34
9 30
10 20
8 44
10 100
10 44
7 35
10 136
9 150
10 232
9 12
10 47
10 70
10 181
7 13
10 133
8 48
10 84
10 86
10 54
10 250
10 55
7 45
8 14
9 22
1 3
9 20
10 29
8 203
10 188
10 43
5 4
10 20
10 28
10 22
8 8
3 9
9 42
9 43
9 66
2 7
7 2
10 78
10 43
10 149
9 121
10 191
10 111
10 51
10 3
10 9
10 11
9 52
10 212
9 59
10 103
10 129
9 66
10 44
10 245
9 6
10 141
9 40
9 123
10 160
8 15
8 23
10 275
9 87
10 14
10 76
8 124
9 113
4 12
2 3
9 181
9 133
8 2
8 17
10 144
8 7
10 39
9 100
10 53
6 8
7 12
10 14
1 3
10 64
9 14
8 96
10 109
