NBA size, minimized M2MA size
5 5
5 36
5 13
5 13
5 9
5 3
5 9
5 6
5 21
5 127
5 6
5 5
5 8
5 19
5 12
5 5
5 11
5 11
5 44
5 28
5 12
5 24
5 69
5 3
5 9
5 20
5 68
5 19
5 61
5 67
5 5
5 18
5 3
5 25
5 17
5 34
5 7
5 27
5 21
5 27
5 71
5 8
5 3
1 3
5 27
4 20
4 26
5 6
5 35
5 33
4 37
5 23
5 5
5 10
5 58
5 26
5 29
5 7
5 32
5 31
5 80
5 19
4 14
5 30
2 5
5 27
2 3
4 9
2 4
5 22
5 24
5 21
4 6
5 15
3 6
5 31
5 13
5 64
3 3
5 23
3 9
4 6
4 29
4 29
1 3
2 6
5 20
3 12
4 30
5 21
3 3
5 27
4 5
3 3
4 18
5 8
4 10
2 5
1 3
2 6
4 21
5 15
2 7
3 6
2 5
5 11
4 7
4 15
4 10
5 40
4 11
5 20
3 9
5 46
5 12
5 10
5 52
5 68
5 36
5 13
5 28
5 13
5 97
5 13
5 5
4 28
5 3
4 21
5 7
5 13
5 28
5 34
5 7
4 11
4 5
5 5
5 25
5 5
5 14
4 18
5 8
5 46
5 21
4 24
5 8
5 14
5 3
5 36
5 38
1 3
4 5
4 17
5 34
5 27
5 8
4 40
3 13
4 7
5 31
5 117
5 16
5 36
4 8
5 16
5 47
5 20
5 20
5 57
5 81
5 10
3 23
5 9
5 17
5 25
5 45
5 16
5 31
5 12
5 8
5 47
5 6
5 66
5 30
5 3
5 53
4 10
5 29
5 34
4 9
4 21
5 73
5 41
5 10
4 9
4 18
4 22
5 15
5 33
5 54
1 3
5 29
3 12
3 5
3 9
5 18
5 10
3 12
2 2
4 6
5 86
4 4
4 3
5 51
5 12
5 15
5 24
5 26
2 7
3 9
4 2
4 3
2 3
3 7
1 3
5 52
5 13
5 8
5 19
4 7
4 3
4 3
4 13
1 3
