DBA size, minimized M2MA size
4 8
4 3
5 36
5 12
5 82
5 19
5 9
5 12
5 7
4 13
5 18
4 12
5 32
4 5
5 10
4 3
5 7
5 3
5 20
4 6
3 7
5 77
5 43
5 13
5 121
4 8
4 32
5 39
4 3
4 65
5 50
5 60
5 89
4 35
5 96
4 36
4 8
4 17
4 18
4 19
4 44
5 18
5 30
5 34
5 42
5 55
3 17
5 20
5 100
5 50
5 30
5 78
5 42
5 29
4 5
4 22
5 21
3 9
4 7
5 65
4 22
5 27
3 7
4 21
5 25
5 18
5 40
4 15
5 37
3 15
2 4
5 10
5 37
4 14
4 41
5 34
3 9
3 7
4 17
5 16
3 9
4 9
5 20
4 23
5 11
5 15
3 8
5 25
2 9
5 24
3 11
4 9
5 11
4 29
5 6
5 7
5 17
5 36
5 24
5 7
4 12
4 4
4 12
4 20
4 9
2 6
4 4
4 15
1 3
4 10
5 5
5 11
3 6
3 8
4 14
5 2
5 34
3 2
4 11
1 3
4 3
5 12
5 9
5 10
5 3
4 6
4 6
5 6
5 14
5 12
5 9
5 3
5 6
5 12
5 9
5 3
5 8
5 3
5 6
5 15
4 28
5 52
1 3
5 48
2 3
3 17
4 18
5 22
5 18
5 24
5 97
5 80
5 19
5 64
5 24
5 86
3 6
5 58
5 19
5 25
4 33
5 38
1 3
5 30
5 50
5 70
5 41
5 80
3 14
4 50
5 34
5 34
5 38
5 77
2 6
5 38
4 44
4 37
5 37
5 29
4 9
5 26
5 14
5 26
4 25
5 22
5 25
4 16
5 25
4 6
5 13
3 10
4 62
1 3
5 11
5 51
5 53
5 56
5 44
2 3
5 78
1 3
4 15
5 30
5 13
4 19
5 24
5 27
4 5
5 15
4 15
4 18
4 13
5 46
1 3
5 20
5 16
4 8
3 7
2 5
3 7
5 28
5 14
1 3
5 12
5 8
5 15
3 29
4 10
3 3
5 5
5 22
3 4
3 11
4 3
3 9
4 9
5 22
3 21
3 24
