DBA size, minimized M2MA size
10 235
10 156
10 30
7 160
9 91
10 52
8 151
9 123
9 85
10 27
9 99
10 5
9 96
6 9
9 25
10 161
7 6
8 204
9 59
9 160
10 161
10 154
10 172
10 207
10 121
9 225
10 186
9 138
10 160
9 108
10 62
4 3
10 127
9 110
9 112
9 158
10 112
9 147
10 57
5 2
8 2
9 28
6 12
10 107
9 12
9 16
9 107
7 15
8 27
7 14
8 3
10 12
9 25
8 12
8 6
9 2
6 10
5 8
9 3
5 6
9 42
10 190
9 65
9 120
9 24
10 119
7 11
9 34
9 47
8 10
10 128
9 147
9 85
9 297
9 242
10 337
7 109
10 150
9 179
10 101
9 75
10 134
9 87
10 159
8 70
7 56
9 93
6 100
7 112
10 181
9 80
10 60
9 23
8 123
10 108
9 110
8 79
9 177
7 4
7 157
9 95
8 6
9 52
10 4
10 62
10 132
9 113
9 12
10 102
8 16
8 10
10 18
7 6
9 12
9 60
9 173
9 8
2 5
10 32
