DBA size, minimized M2MA size
6 4
5 21
4 3
6 76
6 15
6 35
6 24
6 79
6 25
6 10
6 10
1 3
1 3
4 11
6 12
6 5
6 18
5 28
5 6
6 22
6 20
5 46
6 98
6 27
5 48
6 121
5 52
5 17
6 78
6 204
6 44
6 51
3 3
5 26
6 114
6 13
6 34
6 42
5 37
4 5
6 44
4 21
6 33
5 14
6 90
6 39
5 36
6 38
6 33
5 19
6 17
6 60
5 15
6 29
5 9
6 23
5 18
5 18
3 13
6 27
5 21
6 23
4 18
6 36
6 15
5 46
6 38
5 29
5 17
2 3
5 13
3 16
3 5
2 2
6 39
6 8
4 16
6 19
1 3
4 17
6 4
5 26
5 4
5 19
6 11
5 4
6 46
5 17
6 39
5 21
6 140
3 3
6 29
5 7
4 14
4 13
5 10
4 14
3 4
6 32
6 2
3 11
6 16
4 11
2 3
4 5
6 1
4 13
1 3
6 15
3 19
3 6
5 36
6 4
6 22
5 2
4 15
4 5
6 9
5 3
6 7
5 9
6 17
5 9
6 11
6 5
6 40
5 3
6 4
6 4
6 10
6 3
6 5
6 16
5 6
6 10
6 6
6 8
5 71
6 183
6 122
5 48
6 50
5 62
5 2
6 130
4 24
6 70
6 16
6 47
6 144
6 45
6 25
6 54
5 105
5 34
6 157
6 212
5 74
6 45
4 14
6 46
6 36
5 14
6 39
4 10
6 58
6 70
6 69
6 85
6 29
4 22
6 82
5 30
4 28
6 117
2 8
4 28
6 33
6 26
5 23
6 50
6 41
5 34
6 28
6 46
5 66
5 10
6 42
5 52
5 44
5 23
3 8
5 8
4 10
5 25
6 43
6 12
6 16
5 30
6 36
3 3
5 9
5 17
6 17
2 7
5 75
3 6
5 19
6 5
3 7
4 16
3 10
4 14
6 39
4 4
6 26
6 15
5 15
3 5
3 5
5 22
5 14
6 26
6 19
4 12
2 5
5 30
3 4
5 45
5 30
6 4
6 52
4 12
4 16
4 17
3 4
5 11
