DBA size, minimized M2MA size
6 5
7 34
7 17
6 16
6 9
7 30
7 40
6 28
7 58
6 15
7 28
4 18
7 29
7 18
6 15
7 94
7 125
6 52
6 84
7 73
2 7
7 103
4 1
5 98
6 116
6 91
7 60
7 52
7 75
6 115
6 43
5 16
6 9
5 23
6 64
3 3
6 38
6 23
5 5
7 90
7 203
7 79
5 114
4 3
4 12
5 39
5 6
7 25
7 166
6 15
6 17
6 31
7 3
6 11
4 3
7 8
5 5
6 17
5 60
7 35
7 39
7 43
7 20
6 6
7 32
7 7
7 17
5 6
6 8
5 21
4 3
6 9
5 6
6 7
7 20
7 38
6 4
7 45
3 10
6 21
6 46
6 2
3 6
6 2
6 3
5 2
5 5
7 18
5 14
5 20
7 33
4 14
6 11
7 9
7 8
7 13
5 7
6 3
7 22
5 3
6 3
7 14
7 42
7 9
7 3
7 122
6 6
7 72
7 61
7 110
7 118
7 81
5 22
7 31
7 111
5 48
7 75
7 52
5 97
7 48
6 38
7 77
7 19
7 34
1 3
5 29
2 8
7 36
6 60
6 78
7 58
6 43
6 47
7 14
6 10
7 22
4 32
5 22
7 31
6 21
5 19
6 29
4 12
7 37
7 12
6 24
3 20
6 83
7 39
4 13
3 13
7 38
5 17
5 18
3 13
6 10
7 17
5 19
7 15
5 34
7 53
6 23
7 34
7 19
3 4
7 7
7 7
3 12
4 14
4 3
5 35
4 5
7 13
1 3
6 32
5 30
7 22
6 12
