DBA size, minimized M2MA size
9 110
9 65
9 75
9 312
8 188
8 84
9 251
8 10
7 3
9 219
9 289
8 49
7 41
8 238
8 54
7 257
9 177
9 209
7 183
5 13
6 72
8 105
8 82
8 14
7 64
6 122
9 61
7 55
9 129
8 39
6 7
8 152
4 22
9 48
7 2
9 108
5 4
9 55
9 38
5 12
7 9
7 6
3 6
7 16
7 1
6 12
8 3
5 27
6 2
7 6
9 10
7 17
8 13
8 6
7 25
6 5
9 5
9 4
8 38
7 17
8 17
8 101
7 13
7 3
7 19
7 29
7 3
8 33
9 24
9 24
7 22
7 101
9 262
9 77
9 152
9 148
4 44
9 151
8 80
4 23
8 27
7 50
8 96
9 125
6 21
9 171
8 14
9 94
8 116
9 90
5 3
5 9
8 57
8 15
9 166
8 110
9 66
9 80
7 69
6 13
7 76
7 17
8 1
6 10
7 39
7 66
6 24
8 11
7 46
9 88
7 45
6 34
8 9
8 5
8 15
7 23
2 3
6 32
7 52
6 1
