NBA size, minimized M2MA size
6 16
8 104
8 160
7 72
8 32
8 15
8 189
8 67
8 47
7 130
7 8
7 60
7 104
8 11
8 101
7 147
8 233
7 23
8 198
7 25
7 51
8 20
7 103
7 6
7 93
8 4
7 55
6 8
8 74
7 39
7 24
7 154
6 26
7 86
8 85
8 164
7 2
8 48
6 9
6 21
8 118
7 20
8 96
7 95
4 8
8 8
6 2
4 9
8 4
8 37
8 84
5 4
6 34
6 3
6 13
8 53
6 8
8 3
3 6
7 7
5 4
5 8
3 4
8 80
7 25
7 42
5 56
4 5
8 2
7 2
6 73
8 2
6 8
6 3
4 3
5 4
4 11
3 8
8 108
2 6
8 4
7 8
5 1
7 9
4 3
8 69
8 216
8 8
8 9
8 11
8 221
7 22
7 13
7 47
8 16
8 19
8 37
8 63
7 131
7 11
8 29
5 62
8 167
8 92
8 206
8 63
8 68
8 257
8 220
8 173
7 2
7 10
8 17
7 31
8 113
7 84
8 108
6 99
8 27
2 3
8 13
7 87
8 16
8 33
7 2
4 2
8 60
1 3
8 5
5 14
7 17
2 7
7 51
3 1
5 1
8 10
3 4
8 33
8 18
5 11
8 20
7 24
7 6
8 60
5 2
7 15
5 8
7 5
6 6
1 3
7 3
8 85
7 38
8 25
6 11
1 3
6 13
8 79
5 12
4 1
6 8
5 11
5 6
7 78
5 6
2 3
7 1
6 2
3 1
7 52
8 54
6 9
