DBA size, minimized M2MA size
8 43
6 24
6 22
8 26
8 140
8 13
7 58
8 63
7 13
8 55
8 12
7 13
8 69
8 124
7 37
6 77
4 18
7 241
6 93
8 147
8 195
7 51
8 148
8 240
7 100
6 117
7 107
3 7
7 200
7 104
7 22
8 17
8 54
6 99
6 64
8 90
6 46
7 14
8 100
7 102
8 117
7 164
6 23
8 122
6 8
4 8
7 20
7 10
2 5
8 20
8 60
6 36
3 3
8 26
7 20
3 13
7 59
8 11
8 8
8 6
8 15
7 34
7 1
5 13
7 26
4 7
6 38
5 3
8 35
4 7
6 22
8 8
7 2
7 19
7 1
7 5
7 5
7 32
8 2
8 14
1 3
7 15
2 6
7 6
2 4
5 1
1 2
7 10
7 22
8 23
8 5
8 130
6 10
6 11
7 6
6 12
8 14
8 49
8 69
6 27
7 26
6 5
8 3
7 113
7 72
8 174
8 20
7 176
7 133
7 89
8 227
8 192
7 149
7 173
7 155
8 279
7 124
7 69
7 59
6 73
8 94
8 76
8 183
8 133
8 38
4 20
5 72
6 18
8 91
7 80
8 194
8 150
8 159
8 32
7 61
5 21
6 16
7 130
8 69
7 56
8 27
7 2
5 19
6 13
7 27
7 46
8 54
7 77
2 9
2 6
7 4
7 27
4 2
4 21
7 73
6 20
5 18
5 12
7 13
7 7
7 29
7 20
7 2
6 7
5 17
7 40
7 5
6 10
3 11
2 7
6 3
8 15
6 13
1 3
5 10
5 9
6 6
2 3
